 0.00000000, 0.00000000, 0.00000000, 0.00000000, 0.00000000, 0.00000000, 0.00000000, 0.00000000, 0.00000000, 0.00000000, 0.00000000, 0.00000000, 0.00000000, 0.00000000, 0.00000000, 0.00000000, 0.00000000, 0.00000000, 0.00000000, 0.00000000, 0.00000000, 0.00000000, 0.00000000, 0.00000000, 0.00000000, 0.00000000, 0.00000000, 0.11144152, 0.19316852, 0.25526086, 0.22431702, 0.15331457, 0.00000000, 0.16503526, 0.20337684, 0.24845447, 0.21505093, 0.25963810, 0.38536588, 0.41589473, 0.42570847, 0.49258001, 0.43258256, 0.00000000, 0.00000000, 0.00000000, 0.00000000, 0.00000000, 0.00000000, 0.00000000
 0.00000000, 0.00000000, 0.00000000, 0.00000000, 0.00000000, 0.00000000, 0.00000000, 0.00000000, 0.00000000, 0.00000000, 0.00000000, 0.00000000, 0.00000000, 0.00000000, 0.00000000, 0.00000000, 0.00000000, 0.00000000, 0.00000000, 0.00000000, 0.00000000, 0.00000000, 0.00000000, 0.00000000, 0.00000000, 0.00000000, 0.00000000, 0.00000000, 0.21575121, 0.25533150, 0.21610952, 0.13667983, 0.00000000, 0.16321139, 0.17373674, 0.21690014, 0.16165161, 0.24620674, 0.39910263, 0.37290251, 0.42339510, 0.55153792, 0.40362847, 0.24368963, 0.00000000, 0.00000000, 0.00000000, 0.00000000, 0.00000000, 0.00000000
 0.00000000, 0.00000000, 0.00000000, 0.00000000, 0.00000000, 0.00000000, 0.00000000, 0.00000000, 0.00000000, 0.00000000, 0.00000000, 0.00000000, 0.00000000, 0.00000000, 0.00000000, 0.00000000, 0.00000000, 0.00000000, 0.00000000, 0.00000000, 0.00000000, 0.00000000, 0.00000000, 0.00000000, 0.00000000, 0.00000000, 0.00000000, 0.00000000, 0.16510381, 0.21395992, 0.23413115, 0.00000000, 0.00000000, 0.00000000, 0.13361675, 0.17479938, 0.16707672, 0.00000000, 0.00000000, 0.00000000, 0.29376412, 0.38059410, 0.32397190, 0.00000000, 0.00000000, 0.00000000, 0.00000000, 0.00000000, 0.00000000, 0.00000000
 0.00000000, 0.00000000, 0.00000000, 0.00000000, 0.00000000, 0.00000000, 0.00000000, 0.00000000, 0.00000000, 0.00000000, 0.00000000, 0.00000000, 0.00000000, 0.00000000, 0.00000000, 0.00000000, 0.00000000, 0.00000000, 0.00000000, 0.00000000, 0.00000000, 0.00000000, 0.00000000, 0.00000000, 0.00000000, 0.00000000, 0.00000000, 0.00000000, 0.00000000, 0.00000000, 0.00000000, 0.00000000, 0.00000000, 0.00000000, 0.00000000, 0.00000000, 0.00000000, 0.00000000, 0.00000000, 0.00000000, 0.00000000, 0.00000000, 0.00000000, 0.00000000, 0.00000000, 0.00000000, 0.00000000, 0.00000000, 0.00000000, 0.00000000
 0.00000000, 0.00000000, 0.00000000, 0.00000000, 0.00000000, 0.00000000, 0.00000000, 0.00000000, 0.00000000, 0.00000000, 0.00000000, 0.00000000, 0.00000000, 0.00000000, 0.00000000, 0.00000000, 0.00000000, 0.00000000, 0.00000000, 0.00000000, 0.00000000, 0.00000000, 0.00000000, 0.00000000, 0.00000000, 0.00000000, 0.00000000, 0.00000000, 0.00000000, 0.00000000, 0.00000000, 0.00000000, 0.00000000, 0.00000000, 0.00000000, 0.00000000, 0.00000000, 0.00000000, 0.00000000, 0.00000000, 0.00000000, 0.00000000, 0.00000000, 0.00000000, 0.00000000, 0.00000000, 0.00000000, 0.00000000, 0.00000000, 0.00000000
 0.00000000, 0.00000000, 0.00000000, 0.00000000, 0.00000000, 0.00000000, 0.00000000, 0.00000000, 0.00000000, 0.00000000, 0.00000000, 0.00000000, 0.00000000, 0.00000000, 0.00000000, 0.00000000, 0.00000000, 0.00000000, 0.00000000, 0.00000000, 0.00000000, 0.00000000, 0.00000000, 0.00000000, 0.00000000, 0.00000000, 0.00000000, 0.00000000, 0.00000000, 0.00000000, 0.00000000, 0.00000000, 0.00000000, 0.00000000, 0.00000000, 0.00000000, 0.00000000, 0.00000000, 0.00000000, 0.00000000, 0.00000000, 0.00000000, 0.00000000, 0.00000000, 0.00000000, 0.00000000, 0.00000000, 0.00000000, 0.00000000, 0.00000000
 0.00000000, 0.00000000, 0.00000000, 0.00000000, 0.00000000, 0.00000000, 0.00000000, 0.00000000, 0.00000000, 0.00000000, 0.00000000, 0.00000000, 0.00000000, 0.00000000, 0.00000000, 0.00000000, 0.00000000, 0.00000000, 0.00000000, 0.00000000, 0.00000000, 0.00000000, 0.00000000, 0.00000000, 0.00000000, 0.00000000, 0.00000000, 0.00000000, 0.00000000, 0.00000000, 0.00000000, 0.00000000, 0.00000000, 0.00000000, 0.00000000, 0.00000000, 0.00000000, 0.00000000, 0.00000000, 0.00000000, 0.00000000, 0.00000000, 0.00000000, 0.00000000, 0.00000000, 0.00000000, 0.00000000, 0.00000000, 0.00000000, 0.00000000
 0.00000000, 0.00000000, 0.00000000, 0.00000000, 0.00000000, 0.00000000, 0.00000000, 0.00000000, 0.00000000, 0.00000000, 0.00000000, 0.00000000, 0.00000000, 0.00000000, 0.00000000, 0.00000000, 0.00000000, 0.00000000, 0.00000000, 0.00000000, 0.00000000, 0.00000000, 0.00000000, 0.00000000, 0.00000000, 0.00000000, 0.00000000, 0.00000000, 0.00000000, 0.00000000, 0.00000000, 0.00000000, 0.00000000, 0.00000000, 0.00000000, 0.00000000, 0.00000000, 0.00000000, 0.00000000, 0.00000000, 0.00000000, 0.00000000, 0.00000000, 0.00000000, 0.00000000, 0.00000000, 0.00000000, 0.00000000, 0.00000000, 0.00000000
 0.00000000, 0.00000000, 0.00000000, 0.00000000, 0.00000000, 0.00000000, 0.00000000, 0.00000000, 0.00000000, 0.00000000, 0.00000000, 0.00000000, 0.00000000, 0.00000000, 0.00000000, 0.00000000, 0.00000000, 0.00000000, 0.00000000, 0.00000000, 0.00000000, 0.00000000, 0.00000000, 0.00000000, 0.00000000, 0.00000000, 0.00000000, 0.00000000, 0.00000000, 0.00000000, 0.00000000, 0.00000000, 0.00000000, 0.00000000, 0.00000000, 0.00000000, 0.00000000, 0.00000000, 0.00000000, 0.00000000, 0.00000000, 0.00000000, 0.00000000, 0.00000000, 0.00000000, 0.00000000, 0.00000000, 0.00000000, 0.00000000, 0.00000000
 0.00000000, 0.00000000, 0.00000000, 0.00000000, 0.00000000, 0.00000000, 0.00000000, 0.00000000, 0.00000000, 0.00000000, 0.00000000, 0.00000000, 0.13289956, 0.18168130, 0.18418341, 0.00000000, 0.00000000, 0.00000000, 0.00000000, 0.00000000, 0.00000000, 0.00000000, 0.00000000, 0.00000000, 0.00000000, 0.00000000, 0.00000000, 0.00000000, 0.00000000, 0.00000000, 0.00000000, 0.00000000, 0.00000000, 0.00000000, 0.00000000, 0.00000000, 0.00000000, 0.00000000, 0.00000000, 0.00000000, 0.00000000, 0.00000000, 0.00000000, 0.00000000, 0.00000000, 0.00000000, 0.00000000, 0.00000000, 0.00000000, 0.00000000
 0.00000000, 0.00000000, 0.00000000, 0.00000000, 0.00000000, 0.00000000, 0.00000000, 0.00000000, 0.00000000, 0.00000000, 0.00000000, 0.00000000, 0.14362295, 0.18842746, 0.20974809, 0.25297202, 0.24447495, 0.00000000, 0.00000000, 0.00000000, 0.00000000, 0.00000000, 0.00000000, 0.00000000, 0.00000000, 0.00000000, 0.00000000, 0.16078931, 0.24212987, 0.19885596, 0.08604298, 0.00000000, 0.00000000, 0.00000000, 0.00000000, 0.00000000, 0.00000000, 0.00000000, 0.00000000, 0.00000000, 0.00000000, 0.00000000, 0.00000000, 0.00000000, 0.00000000, 0.00000000, 0.00000000, 0.00000000, 0.00000000, 0.00000000
 0.00000000, 0.00000000, 0.00000000, 0.00000000, 0.00000000, 0.00000000, 0.00000000, 0.00000000, 0.00000000, 0.00000000, 0.00000000, 0.00000000, 0.13306781, 0.18099744, 0.22847001, 0.31325864, 0.33072659, 0.00000000, 0.00000000, 0.00000000, 0.00000000, 0.00000000, 0.00000000, 0.00000000, 0.00000000, 0.00000000, 0.12407659, 0.20951760, 0.37920890, 0.34028778, 0.18542487, 0.10180241, 0.00000000, 0.00000000, 0.33297832, 0.40036864, 0.42514209, 0.42116265, 0.38055236, 0.00000000, 0.33365369, 0.49586179, 0.47469768, 0.43084770, 0.00000000, 0.00000000, 0.00000000, 0.00000000, 0.00000000, 0.00000000
 0.00000000, 0.00000000, 0.00000000, 0.00000000, 0.00000000, 0.00000000, 0.00000000, 0.00000000, 0.00000000, 0.00000000, 0.24140595, 0.29615543, 0.35257070, 0.37263637, 0.33224315, 0.32782136, 0.30190341, 0.00000000, 0.00000000, 0.00000000, 0.00000000, 0.00000000, 0.00000000, 0.00000000, 0.00000000, 0.00000000, 0.00000000, 0.15746563, 0.42476157, 0.57983047, 0.47415443, 0.33647590, 0.46206174, 0.69800728, 0.67400590, 0.67413984, 0.61126187, 0.56403387, 0.46487871, 0.00000000, 0.37526397, 0.58913806, 0.62667649, 0.53978256, 0.44536888, 0.00000000, 0.00000000, 0.00000000, 0.00000000, 0.00000000
 0.00000000, 0.00000000, 0.00000000, 0.00000000, 0.00000000, 0.00000000, 0.00000000, 0.00000000, 0.00000000, 0.00000000, 0.00000000, 0.35485551, 0.73357420, 0.69818092, 0.57949936, 0.36201030, 0.19974076, 0.00000000, 0.00000000, 0.00000000, 0.00000000, 0.00000000, 0.00000000, 0.00000000, 0.00000000, 0.00000000, 0.00000000, 0.09272848, 0.06869373, 0.10012048, 0.23992548, 0.37152316, 0.67191627, 0.88133623, 0.79798021, 0.76634268, 0.66988068, 0.59403233, 0.52305437, 0.00000000, 0.35247732, 0.52329158, 0.54550698, 0.51411197, 0.44361101, 0.00000000, 0.00000000, 0.00000000, 0.00000000, 0.00000000
 0.00000000, 0.00000000, 0.00000000, 0.00000000, 0.00000000, 0.00000000, 0.00000000, 0.00000000, 0.16336443, 0.20407474, 0.33866021, 0.76911419, 0.86131419, 0.94680196, 0.78090817, 0.49296188, 0.24206529, 0.00000000, 0.00000000, 0.00000000, 0.00000000, 0.00000000, 0.00000000, 0.00000000, 0.00000000, 0.00000000, 0.00000000, 0.00000000, 0.14216300, 0.28336990, 0.41844022, 0.44773193, 0.51436038, 0.64704116, 0.64211194, 0.58326447, 0.49955194, 0.45954510, 0.38422397, 0.00000000, 0.00000000, 0.00000000, 0.00000000, 0.00000000, 0.00000000, 0.00000000, 0.00000000, 0.00000000, 0.00000000, 0.00000000
 0.00000000, 0.00000000, 0.00000000, 0.00000000, 0.00000000, 0.00000000, 0.00000000, 0.00000000, 0.18739901, 0.22857027, 0.37843047, 0.77734312, 0.83395130, 1.04844173, 0.97789824, 0.64612650, 0.30953462, 0.00000000, 0.00000000, 0.00000000, 0.00000000, 0.00000000, 0.00000000, 0.00000000, 0.00000000, 0.00000000, 0.00000000, 0.00000000, 0.00000000, 0.28886620, 0.36564384, 0.44253511, 0.52105498, 0.51324405, 0.51213947, 0.49867580, 0.40687786, 0.00000000, 0.00000000, 0.00000000, 0.00000000, 0.00000000, 0.00000000, 0.00000000, 0.00000000, 0.00000000, 0.00000000, 0.00000000, 0.00000000, 0.00000000
 0.00000000, 0.00000000, 0.00000000, 0.00000000, 0.00000000, 0.00000000, 0.00000000, 0.00000000, 0.00000000, 0.00000000, 0.24087413, 0.56841663, 0.80992772, 0.97774126, 0.97141484, 0.78048312, 0.28643473, 0.00000000, 0.00000000, 0.00000000, 0.00000000, 0.00000000, 0.00000000, 0.00000000, 0.00000000, 0.00000000, 0.00000000, 0.00000000, 0.18267635, 0.36979256, 0.44475241, 0.43961145, 0.46085649, 0.43757023, 0.46518746, 0.49829052, 0.40976787, 0.39818433, 0.00000000, 0.00000000, 0.37962270, 0.49333133, 0.45430838, 0.36737106, 0.28502619, 0.00000000, 0.00000000, 0.00000000, 0.00000000, 0.00000000
 0.00000000, 0.00000000, 0.00000000, 0.00000000, 0.00000000, 0.00000000, 0.00000000, 0.00000000, 0.00000000, 0.21179739, 0.57881147, 0.67575389, 1.10970066, 1.65848417, 1.64592511, 0.80534693, 0.00000000, 0.00000000, 0.00000000, 0.00000000, 0.00000000, 0.00000000, 0.00000000, 0.00000000, 0.09918039, 0.13316299, 0.00000000, 0.13242563, 0.22911350, 0.49000620, 0.59340143, 0.51529517, 0.53639791, 0.67173387, 0.80719706, 0.83873825, 0.68810252, 0.67953160, 0.63808373, 0.43753003, 0.54092746, 0.87228998, 0.87976706, 0.59206163, 0.22836750, 0.00000000, 0.00000000, 0.00000000, 0.00000000, 0.00000000
 0.00000000, 0.00000000, 0.00000000, 0.00000000, 0.00000000, 0.00000000, 0.00000000, 0.00000000, 0.00000000, 0.07508128, 0.37515812, 0.94322689, 1.43617063, 1.97534303, 2.33639977, 1.02518337, 0.00000000, 0.00000000, 0.00000000, 0.00000000, 0.25982321, 0.44977272, 0.44669952, 0.40381725, 0.26361749, 0.11077339, 0.08767684, 0.05287583, 0.32118074, 0.93044742, 0.63387323, 0.46890664, 0.53251843, 0.73270216, 0.95566830, 1.09793344, 1.02320790, 1.02153013, 1.07288497, 0.82470145, 0.84024259, 1.20148213, 1.21523605, 0.83665135, 0.22146304, 0.00000000, 0.00000000, 0.00000000, 0.00000000, 0.00000000
 0.00000000, 0.27986998, 0.31934026, 0.39831371, 0.43795185, 0.00000000, 0.00000000, 0.00000000, 0.03744591, 0.05590853, 0.43258209, 1.66954785, 2.00907710, 2.30809303, 2.12016291, 1.09653649, 0.24043551, 0.26548902, 0.17671439, 0.29312895, 0.45571597, 0.49824914, 0.43433426, 0.42179362, 0.35554497, 0.15632118, 0.05118752, 0.21425291, 0.51346191, 0.95070193, 0.71734012, 0.34745118, 0.34846386, 0.43342987, 0.23766473, 0.54522542, 0.84100741, 0.95135269, 1.02143005, 0.85189275, 0.84669296, 1.08501099, 1.08419036, 0.79769519, 0.26544492, 0.00000000, 0.00000000, 0.00000000, 0.00000000, 0.00000000
 0.00000000, 0.60431442, 0.60005323, 0.81544662, 0.98140607, 0.83077530, 0.70179013, 0.54086008, 0.29830303, 0.06169594, 0.17753047, 0.88232187, 1.27184500, 2.01835891, 1.96543086, 0.92277500, 0.19021098, 0.00000000, 0.00000000, 0.00000000, 0.00000000, 0.00000000, 0.00000000, 0.00000000, 0.23629782, 0.32800536, 0.25714721, 0.11417766, 0.19878894, 0.21221754, 0.00000000, 0.17600018, 0.47777072, 0.63820906, 0.57935077, 0.58362865, 0.55247645, 0.57488717, 0.58925507, 0.47440898, 0.49774054, 0.59693245, 0.58066862, 0.45526445, 0.16599485, 0.00000000, 0.00000000, 0.00000000, 0.00000000, 0.00000000
 0.00000000, 1.01343080, 1.47624136, 1.86120073, 1.68089940, 1.34874373, 1.24465202, 1.00797756, 0.39570601, 0.00000000, 0.86899241, 2.26614806, 2.42820424, 3.15874788, 3.27354596, 1.55572062, 0.35729265, 0.00000000, 0.00000000, 0.00000000, 0.00000000, 0.00000000, 0.00000000, 0.00000000, 0.17948679, 0.27543729, 0.30876297, 0.23256681, 0.26729360, 0.25583292, 0.31560274, 0.43215839, 0.39392109, 0.46377532, 0.48818487, 0.47691953, 0.42483602, 0.43235078, 0.40329291, 0.00000000, 0.00000000, 0.00000000, 0.00000000, 0.00000000, 0.00000000, 0.00000000, 0.00000000, 0.00000000, 0.00000000, 0.00000000
 0.00000000, 0.96014109, 0.81423337, 1.16297671, 1.44920926, 1.14193485, 1.04071446, 1.02156146, 0.51801250, 0.00000000, 0.00000000, 1.83501897, 3.16873848, 3.09982889, 2.34074809, 1.01799256, 0.28728812, 0.00000000, 0.00000000, 0.00000000, 0.00000000, 0.00000000, 0.00000000, 0.00000000, 0.00000000, 0.00000000, 0.08801647, 0.12263977, 0.24305601, 0.47224578, 0.57784682, 0.60453011, 0.56022164, 0.59370526, 0.58496442, 0.50984698, 0.43492419, 0.42119371, 0.37777180, 0.00000000, 0.00000000, 0.00000000, 0.00000000, 0.00000000, 0.00000000, 0.00000000, 0.00000000, 0.00000000, 0.00000000, 0.00000000
 0.00000000, 0.51671148, 0.60158353, 0.73629306, 0.70208552, 0.57370273, 0.53591547, 0.40705351, 0.13359766, 0.00000000, 0.00000000, 0.86683662, 1.37051906, 1.35003259, 1.34314305, 1.09490127, 0.52848916, 0.00000000, 0.00000000, 0.00000000, 0.00000000, 0.00000000, 0.00000000, 0.00000000, 0.00000000, 0.00000000, 0.00000000, 0.00000000, 0.15662400, 0.18780193, 0.26697621, 0.64357420, 0.66708701, 0.64928076, 0.61098864, 0.52485430, 0.42338006, 0.37788753, 0.32740421, 0.00000000, 0.00000000, 0.00000000, 0.00000000, 0.00000000, 0.00000000, 0.00000000, 0.00000000, 0.00000000, 0.00000000, 0.00000000
 0.00000000, 0.00000000, 0.00000000, 0.00000000, 0.00000000, 0.00000000, 0.00000000, 0.00000000, 0.00000000, 0.00000000, 0.00000000, 0.53110335, 0.63003688, 0.64420126, 0.70790851, 0.67079760, 0.30402199, 0.00000000, 0.00000000, 0.00000000, 0.00000000, 0.00000000, 0.00000000, 0.00000000, 0.00000000, 0.00000000, 0.00000000, 0.17158783, 0.35853149, 0.63198208, 0.76896942, 0.73423125, 0.63298815, 0.65438140, 0.63558732, 0.59452948, 0.50224684, 0.45291550, 0.37565650, 0.00000000, 0.00000000, 0.00000000, 0.00000000, 0.26604743, 0.28531397, 0.00000000, 0.00000000, 0.00000000, 0.00000000, 0.00000000
 0.00000000, 0.00000000, 0.00000000, 0.00000000, 0.00000000, 0.00000000, 0.00000000, 0.00000000, 0.00000000, 0.00000000, 0.00000000, 0.30565787, 0.36444796, 0.39922728, 0.30773474, 0.39810292, 0.39108358, 0.00000000, 0.00000000, 0.00000000, 0.35110448, 0.46993367, 0.48862734, 0.00000000, 0.00000000, 0.00000000, 0.00000000, 0.14383596, 0.55199052, 1.00812893, 1.00610929, 0.84993748, 0.70929008, 0.65286481, 0.69068911, 0.79676670, 0.71149330, 0.66881428, 0.58799461, 0.44552549, 0.47828171, 0.54664291, 0.55212157, 0.52639953, 0.40381301, 0.21464087, 0.00000000, 0.00000000, 0.00000000, 0.00000000
 0.00000000, 0.00000000, 0.00000000, 0.00000000, 0.00000000, 0.00000000, 0.00000000, 0.00000000, 0.00000000, 0.00000000, 0.00000000, 0.00000000, 0.00000000, 0.00000000, 0.00000000, 0.00000000, 0.00000000, 0.00000000, 0.00000000, 0.00000000, 0.42295918, 0.58489352, 0.62173482, 0.46939650, 0.34243012, 0.26539545, 0.16031714, 0.17397640, 0.59012959, 1.44340672, 1.48521536, 1.00685402, 0.80890143, 0.79966062, 0.84927792, 1.03336922, 1.05089422, 1.11815778, 1.03491492, 0.81885535, 0.83435256, 0.93031544, 0.94957223, 0.70975117, 0.25615005, 0.00000000, 0.32202436, 0.23567019, 0.00000000, 0.00000000
 0.00000000, 0.00000000, 0.00000000, 0.00000000, 0.00000000, 0.00000000, 0.00000000, 0.00000000, 0.00000000, 0.00000000, 0.00000000, 0.00000000, 0.00000000, 0.00000000, 0.00000000, 0.00000000, 0.00000000, 0.00000000, 0.00000000, 0.00000000, 0.00000000, 0.00000000, 0.46751420, 0.54542853, 0.53164899, 0.04138973, 0.09988847, 0.10339164, 1.02532766, 2.26599236, 2.48818617, 1.91082691, 1.25634235, 1.07691056, 1.33560782, 1.41390572, 1.33928232, 1.57399973, 1.39646075, 0.98072614, 1.21103319, 1.74185481, 1.72913282, 1.14848666, 0.41223641, 0.00000000, 0.35643024, 0.14635200, 0.00000000, 0.00000000
 0.00000000, 0.00000000, 0.00000000, 0.00000000, 0.00000000, 0.00000000, 0.00000000, 0.00000000, 0.00000000, 0.00000000, 0.00000000, 0.00000000, 0.00000000, 0.00000000, 0.00000000, 0.00000000, 0.00000000, 0.00000000, 0.00000000, 0.00000000, 0.00000000, 0.00000000, 0.00000000, 0.00000000, 0.35100167, 0.42123637, 0.06945066, 0.23155086, 1.20096959, 2.32344235, 3.00568924, 2.73267569, 2.34994840, 2.23550651, 2.53156431, 2.63433262, 2.03190653, 1.52995018, 1.44118654, 1.32198416, 1.44474001, 1.90331726, 1.72974208, 1.01341371, 0.37837487, 0.00000000, 0.05196150, 0.05061476, 0.00000000, 0.00000000
 0.00000000, 0.36608342, 0.37528476, 0.00000000, 0.00000000, 0.00000000, 0.00000000, 0.00000000, 0.00000000, 0.00000000, 0.00000000, 0.00000000, 0.00000000, 0.00000000, 0.00000000, 0.00000000, 0.00000000, 0.00000000, 0.00000000, 0.00000000, 0.00000000, 0.00000000, 0.00000000, 0.00000000, 0.00000000, 0.00000000, 0.00000000, 0.10084611, 1.10306368, 2.54043478, 2.88335770, 3.43541887, 3.38270506, 2.76222834, 2.63445740, 3.29498253, 3.00272527, 2.67152432, 2.67137249, 1.69747491, 1.53641231, 2.02388935, 1.74921179, 1.17179867, 0.86904962, 0.33328520, 0.00000000, 0.00000000, 0.00000000, 0.00000000
 0.00000000, 0.38950361, 0.33553697, 0.34963347, 0.45906586, 0.45168216, 0.00000000, 0.00000000, 0.00000000, 0.00000000, 0.00000000, 0.00000000, 0.00000000, 0.00000000, 0.00000000, 0.00000000, 0.00000000, 0.00000000, 0.00000000, 0.00000000, 0.00000000, 0.00000000, 0.00000000, 0.00000000, 0.00000000, 0.00000000, 0.00000000, 0.18483691, 0.93208182, 1.72704354, 2.33985360, 1.10445826, 2.26316816, 2.60868496, 3.05086985, 4.06490045, 3.46819779, 3.46607042, 3.04100166, 1.82162354, 1.67179026, 1.85110291, 1.61951021, 1.19538314, 0.81931733, 0.77716668, 0.33163537, 0.00000000, 0.00000000, 0.00000000
 0.00000000, 0.00000000, 0.32140589, 0.40413109, 0.53823882, 0.49517912, 0.34885346, 0.00000000, 0.00000000, 0.00000000, 0.00000000, 0.00000000, 0.00000000, 0.00000000, 0.00000000, 0.00000000, 0.00000000, 0.00000000, 0.00000000, 0.00000000, 0.00000000, 0.00000000, 0.00000000, 0.00000000, 0.00000000, 0.00000000, 0.00000000, 0.12505086, 0.39771512, 0.86620824, 1.26935723, 0.91082228, 2.12222426, 2.07613977, 2.95715669, 3.96781654, 2.93722421, 1.64915755, 1.28106817, 1.13201400, 1.13444892, 1.17589184, 1.01321272, 0.84135937, 0.68217590, 0.45709275, 0.28935440, 0.00000000, 0.00000000, 0.00000000
 0.00000000, 0.00000000, 0.00000000, 0.00000000, 0.32818011, 0.39984502, 0.46969543, 0.42950511, 0.19298781, 0.00000000, 0.00000000, 0.00000000, 0.00000000, 0.00000000, 0.00000000, 0.00000000, 0.00000000, 0.00000000, 0.00000000, 0.00000000, 0.00000000, 0.00000000, 0.00000000, 0.00000000, 0.00000000, 0.00000000, 0.00000000, 0.13304178, 0.43202911, 0.88376579, 1.00195416, 1.19837167, 1.50600712, 1.92264157, 2.75792827, 3.06615514, 2.53400180, 2.05159371, 1.59853567, 1.34914736, 1.22019408, 1.02938663, 0.88781032, 0.71933919, 0.57854073, 0.40833077, 0.25993639, 0.00000000, 0.00000000, 0.00000000
 0.00000000, 0.00000000, 0.00000000, 0.00000000, 0.00000000, 0.31589568, 0.42249914, 0.46359434, 0.24396286, 0.20943046, 0.20274015, 0.00000000, 0.00000000, 0.00000000, 0.00000000, 0.00000000, 0.00000000, 0.00000000, 0.00000000, 0.00000000, 0.00000000, 0.00000000, 0.00000000, 0.23601769, 0.26674215, 0.26383933, 0.19184106, 0.10838733, 0.30414798, 1.17558852, 1.06386443, 0.27253228, 1.01032883, 1.71138693, 2.55607830, 2.96351407, 2.47927094, 1.80006382, 1.43885402, 1.36187707, 1.28567789, 1.18290085, 0.96786194, 0.75657060, 0.54183267, 0.58560528, 0.57306956, 0.00000000, 0.00000000, 0.00000000
 0.00000000, 0.48963459, 0.51230051, 0.59645298, 0.57629518, 0.52069435, 0.53520182, 0.46308805, 0.41667132, 0.41254929, 0.57866277, 0.51928458, 0.41166557, 0.38571084, 0.42222955, 0.49495322, 0.54612679, 0.00000000, 0.25654334, 0.39987005, 0.46603395, 0.48075164, 0.40254068, 0.36795780, 0.40924356, 0.33918787, 0.19836193, 0.02755935, 0.14484955, 0.70798031, 1.24588639, 1.24860878, 1.30378901, 1.75188061, 2.69130441, 3.88011226, 3.85337545, 2.55384682, 1.89644541, 1.72765591, 1.53507955, 1.49377276, 1.26777204, 0.98068026, 0.93808538, 0.99169652, 0.71461455, 0.23995811, 0.00000000, 0.00000000
 0.00000000, 0.55269642, 0.57735041, 0.69100459, 0.69222152, 0.62113752, 0.60298851, 0.61507587, 0.73647855, 0.79160988, 0.83395394, 0.71503947, 0.55009360, 0.61999557, 0.67211143, 0.57077061, 0.75408901, 0.83340459, 0.62507968, 0.56885946, 0.56329633, 0.60279437, 0.55430183, 0.43690063, 0.44107766, 0.39090711, 0.26675421, 0.06396872, 0.38064006, 1.36122626, 1.35910248, 1.20239432, 1.83664319, 3.18422759, 4.23975755, 4.41626752, 3.80931534, 2.87907529, 2.59224514, 2.29318448, 1.90902788, 1.71767955, 1.46046708, 1.12495872, 0.79423317, 0.55413269, 0.57252062, 0.21827757, 0.00000000, 0.00000000
 0.00000000, 0.57232965, 0.59392688, 0.63517214, 0.64474041, 0.64058241, 0.62740653, 0.62898837, 0.72274189, 1.09827353, 1.30723029, 1.14151862, 1.04409939, 0.97637440, 0.85872629, 0.84964918, 1.06304240, 0.91617543, 0.56523388, 0.54524066, 0.52599259, 0.50864926, 0.62302498, 0.40979039, 0.47636645, 0.48748960, 0.38427604, 0.29230720, 0.27038642, 1.21485844, 1.50687548, 2.08884535, 2.78020541, 4.32208105, 6.19613078, 5.96496012, 5.00856510, 3.79308820, 3.06720404, 2.73304595, 2.38770144, 2.39836797, 2.18699860, 1.69403142, 1.16842354, 0.77231052, 0.77951779, 0.45275083, 0.00000000, 0.00000000
 0.00000000, 0.43694462, 0.47036308, 0.51763699, 0.53773650, 0.53540332, 0.51714239, 0.48713355, 0.38745855, 0.44090495, 0.94658077, 1.16972985, 1.00489659, 0.91107356, 0.98978318, 1.10887538, 1.29557193, 0.00000000, 0.41992257, 0.28257561, 0.27137601, 0.27337273, 0.00000000, 0.00000000, 0.00000000, 0.00000000, 0.43995564, 0.17346309, 0.41834405, 2.05512131, 2.69685940, 3.32182240, 4.64854070, 5.60326020, 5.81406081, 6.85990351, 5.01363774, 4.59697985, 4.30237424, 4.77865924, 4.52723646, 3.22686420, 2.19109241, 1.66140087, 1.24313950, 1.20978544, 1.38536349, 0.89634898, 0.00000000, 0.00000000
 0.00000000, 0.00000000, 0.33914853, 0.39061057, 0.41795846, 0.40400061, 0.40380358, 0.00000000, 0.34142589, 0.60173718, 1.11243651, 1.01856239, 0.85066926, 0.94482293, 1.03210227, 0.90632813, 0.79713150, 0.77697283, 0.36675477, 0.12150647, 0.00000000, 0.00000000, 0.00000000, 0.00000000, 0.00000000, 0.00000000, 0.00000000, 0.00000000, 0.34140171, 1.72012351, 4.19748851, 4.82265665, 4.42888527, 6.34431923,12.85091646,20.81337016,17.49718411,10.76169591, 7.35017560, 6.74133107, 6.46632386, 5.15224375, 4.66705942, 4.44851218, 3.50494882, 3.06846653, 2.71209982, 1.52599350, 0.00000000, 0.00000000
 0.00000000, 0.00000000, 0.00000000, 0.00000000, 0.00000000, 0.00000000, 0.00000000, 0.00000000, 0.33939149, 0.58101596, 0.82535732, 0.70925264, 0.93175783, 0.97801543, 0.75543721, 0.65465251, 0.56591878, 0.76773250, 0.54223962, 0.29369933, 0.34518619, 0.34504751, 0.23628251, 0.15943305, 0.00000000, 0.40365352, 0.47537644, 0.29155580, 1.22905397, 4.87893395, 6.55699025, 5.94174766, 7.43976681,11.19386305,12.48625312, 9.40041768, 7.69186219, 6.67805434, 6.43572082, 6.61592555, 5.71555638, 3.93499353, 2.76638365, 2.36714585, 2.40137834, 2.25762197, 2.02793197, 1.19857473, 0.00000000, 0.00000000
 0.00000000, 0.24259787, 0.25321742, 0.26367617, 0.27874991, 0.30849339, 0.30603209, 0.26855790, 0.00000000, 0.61180889, 1.21496827, 0.76651801, 0.40406078, 0.75737012, 0.74765581, 0.53359622, 0.24381268, 0.30741346, 0.26870684, 0.18720434, 0.20065590, 0.26441730, 0.26721582, 0.00000000, 0.01023474, 0.31642940, 0.65697599, 0.00000000, 1.12741884, 8.74107834,11.27754283, 7.33536259, 7.83288579,11.58180667,14.84127035,14.56512137,13.80699108,13.62707205,11.23305687, 9.29179855, 8.29700282, 6.93989115, 5.67029094, 3.54473529, 3.07480027, 2.96439154, 2.55210661, 1.80690176, 0.00000000, 0.00000000
 0.00000000, 0.13212087, 0.11714421, 0.18760917, 0.26090309, 0.26969306, 0.28025380, 0.24989061, 0.14183621, 0.43320947, 1.66637431, 2.04331168, 1.70324640, 1.77836298, 2.14099075, 2.75548594, 3.24050739, 0.00000000, 0.52900215, 0.22750124, 0.00000000, 0.00000000, 0.18074225, 0.15161621, 0.25236073, 0.47311595, 0.74836471, 0.59710659, 1.08874447,10.47870684,16.73829902,12.34334683,10.92055045,12.96749151,15.11369059,14.94374017,13.01401095,11.25928221,10.02481237, 9.65546609, 8.91005912, 5.74798976, 5.24420754, 6.30155548, 4.27267761, 3.67497686, 3.38078160, 2.47139996, 0.00000000, 0.00000000
 0.00000000, 0.56767570, 0.51573397, 0.55822307, 0.59203430, 0.59793297, 0.59214330, 0.41208632, 0.15333995, 0.23936928, 1.49841383, 2.39093803, 1.99708412, 2.16709118, 2.59028636, 2.45504887, 1.98023643, 0.62911055, 0.15401749, 0.15543847, 0.00000000, 0.00000000, 0.28312162, 0.27708752, 0.41923753, 0.66109036, 0.82604606, 0.51830815, 1.01930868, 7.09881303, 8.54177991, 7.15286601, 6.38313030, 7.92668084,10.57752624,11.74825661,11.29250234,10.83468307,14.58371364,18.11225619,15.50526993,16.47473793,19.21470887,15.10694365,10.03167227, 8.47629430, 7.63435078, 0.00000000, 0.00000000, 0.00000000
 0.00000000, 0.62630818, 0.59763810, 0.61562986, 0.64519574, 0.65000101, 0.64107624, 0.47181339, 0.40939441, 1.17163951, 2.61523230, 3.10217850, 3.34240639, 3.30954834, 3.18781790, 2.68562704, 1.96459556, 0.78985964, 0.60906204, 0.67999480, 0.63468696, 0.64597298, 0.62360061, 0.50281926, 0.53935111, 0.80322329, 1.08197818, 0.72736012, 1.26081989, 7.61365259, 7.57552775, 4.92332451, 7.40807770,10.54559361,12.60953989,14.01098877,13.12252285,13.46463489,15.68898847,13.54736788,11.05525431,12.86530903,15.86835817,15.74574869,13.63735859,11.94748481,10.84835887, 0.00000000, 0.00000000, 0.00000000
 0.00000000, 1.00144698, 1.01811107, 1.03292617, 1.05780517, 1.08529048, 1.10358958, 0.83932681, 0.34348599, 1.26397752, 3.60296521, 4.38129168, 5.53516863, 5.53560380, 4.85289151, 4.67562549, 3.90195765, 1.73386001, 1.92691120, 1.31742682, 0.92829493, 0.90765962, 0.83631761, 0.73248266, 0.95817546, 1.49759765, 1.80202797, 1.08842530, 0.39057194, 2.71375287, 5.53660812, 6.43323893, 7.21630879, 7.85156793, 8.54164265, 8.74705302, 8.52006192, 8.35968345, 8.07263852, 7.87651753, 8.33873336, 9.32416015, 9.83397114, 8.85466537, 6.03243130, 4.96437135, 5.52125069, 3.38917292, 0.00000000, 0.00000000
 0.00000000, 1.71550080, 1.77285811, 1.84465215, 1.84588505, 1.85610437, 1.89423538, 1.90716963, 1.08506426, 3.47358907, 7.86813690, 8.92235415, 8.05998675, 6.52361184, 5.47762474, 7.89664056,12.19836106, 9.72631567, 3.75757800, 1.35042157, 1.04147365, 1.03316557, 1.13852054, 0.91580182, 1.07454428, 2.31133418, 3.48004150, 3.22849560, 0.00000000, 3.31464906, 7.68077469, 6.37351376, 6.70293177, 8.31070034, 8.78088038, 8.81524464, 8.68986724, 8.30687859, 7.43970589, 7.11933238, 7.46525040, 7.78316225, 8.76512339,10.91495647,13.06687383,12.35299469, 9.46056055, 0.00000000, 0.00000000, 0.00000000
 0.00000000, 1.92388083, 3.07093953, 3.61415936, 3.66141446, 3.74056689, 3.96065955, 4.04830634, 0.00000000, 0.00000000, 0.00000000,18.45315326,19.65236510,22.33428460,25.02835845,25.33353528,24.70891835, 0.00000000,13.19612842, 4.74563670, 3.70292122, 4.40576157, 3.38025398, 2.28449263, 2.29843088, 3.07605761, 4.25731722, 5.82976499, 3.56506807, 7.20525229,11.11493080,10.64000552,11.83137318,11.52373636,10.57156387, 8.03907837, 6.51513975, 6.79106514, 6.49892202, 5.38832065, 6.09612286, 8.32918560, 7.94514396, 7.71155329,10.67258140,13.01791948,11.99710369, 8.19046048, 0.00000000, 0.00000000
 0.00000000, 3.52504495, 4.99796482, 5.82146463, 6.32830963, 6.37580229, 6.35707945, 6.20348815, 6.38920946, 8.06751126,14.10242526,21.12532081,21.75550402,24.37151245,29.40748914,28.78216483,27.40844802,24.55548338,18.25788052, 7.92757860, 3.89624036, 3.31636013, 3.61604540, 3.29510434, 2.61195811, 3.35893296, 4.92693439, 4.08775262, 1.67166287, 5.40025518,12.57477178, 9.05715901, 5.38098571, 6.10694153, 6.56349623, 5.86710976, 5.71086284, 5.81240618, 5.65054323, 5.92374045, 6.44379291, 6.58268482, 6.33981208, 5.82042868, 5.10765678, 5.33938410, 5.72305334, 4.33576048, 0.00000000, 0.00000000
 0.00000000, 3.42824360, 3.66624513, 4.09514057, 4.64257299, 4.71825944, 4.70141825, 4.51386612, 2.27555447, 0.00000000, 5.12283735,13.52034131,12.81270902,13.78219290,15.45054424,13.81419221,13.23177583, 9.55622321, 0.00000000, 1.46283860, 2.36555079, 2.38660967, 2.45988646, 2.27635873, 3.12406412, 4.24076476, 5.24448849, 6.40793528, 0.00000000, 2.21847966, 5.79449168, 5.95357036, 7.21938119, 8.58488300, 9.80781693, 8.08835835, 7.60234470,10.46710782,11.13231719, 9.33023889, 9.97223894,11.85124354, 9.80766997, 6.82224661, 5.11006952, 6.48785778, 7.18973338, 0.00000000, 0.00000000, 0.00000000
 0.00000000, 5.60179781, 5.13468043, 4.69282437, 4.49221988, 4.54491815, 4.79788945, 5.20758990, 4.40295482, 2.04521801, 5.05246073,10.39366505,10.13485965, 9.32201884, 7.56594793, 9.17526859,12.04312795, 5.60078902, 0.00000000, 2.01760147, 5.54969364, 7.13068268, 7.33910914, 6.44629922, 6.47998023, 4.79946384, 5.14303142, 8.94282135,10.57699648,13.53805890,10.73652022, 8.71565766,11.89731837,11.86524890,12.66755245,14.45367756,13.64357940,14.01761260,14.80219207,14.30101747,13.34990355,11.63060203,10.62574389, 9.45880567, 8.87162384,10.25776183,11.67328197, 0.00000000, 0.00000000, 0.00000000
 0.00000000, 8.01623491, 8.18111780, 7.78116607, 7.29557431, 7.28378595, 7.70928081, 7.37406429, 6.21119783, 5.76156218, 7.06496733,10.88948409,12.82369866,12.09545330,13.12119341,14.71327072,15.58225469,12.91354363, 9.72550945, 7.82719709, 7.34506501, 9.08434440, 9.65288722, 8.78418806, 8.19394216, 8.30983894, 7.51499291, 5.79768943, 5.03217006, 7.00239073, 9.56226540,10.58124315,11.73984468,12.24125314,11.75497490,10.87000975, 9.69558791, 8.60469240, 7.94315781, 7.42400593, 7.22915768, 7.04983628, 6.73883733, 6.63075219, 6.64571561, 7.30920468, 8.22458022, 0.00000000, 0.00000000, 0.00000000
 0.00000000, 9.62378786, 8.82641725, 9.29676721, 9.14649141, 9.08909505, 9.29378045, 9.47912976, 8.50189329, 9.06136687,10.01738746,10.54910812,10.31623076, 9.51602368,10.98713967,12.32240422,12.83267779, 9.39257816, 2.97714708, 3.47231014, 7.84544233, 8.93041826, 9.53337330, 9.83726042, 8.53518162, 7.96924182, 9.85701582,11.26650963, 5.83657911, 3.86023106, 9.27265841, 7.96597707, 8.15498990, 9.14858854,10.37783703, 9.36861972, 9.36077471,10.88973681, 9.50925230, 8.17169687, 7.48631110, 6.83591262, 5.77158573, 4.32764714, 4.24657890, 4.72844680, 4.59141016, 4.06968025, 0.00000000, 0.00000000
 0.00000000,20.11501628,18.31507230,18.10466732,18.21235096,17.81001441,18.06956859,18.45961545,16.76644849,11.84650865,12.15515563, 6.86766306, 7.43082746,10.81086310,19.46847680,25.04296993,24.51667863,16.41180004, 7.79230912, 6.70206428,13.51172497,19.77170201,20.77295812,22.07371218,23.08554380,22.81581754,22.56190203,22.81336897,23.95743443,28.77540570,29.36014549,25.13605087,23.86691164,23.16205122,24.17461464,25.40035027,26.12011319,25.27862386,24.41592786,24.01179538,23.12881477,22.50814683,20.49180356,19.54667547,17.73976986,15.27870669,12.51893127,10.38870179, 0.00000000, 0.00000000
 0.00000000,36.02951451,42.92685027,42.68839300,42.93154832,42.35025508,42.10976835,42.43773732,42.41098093,27.65001503,41.42497976,41.71395219,33.05937210,27.19722902,39.44257843,53.08005212,55.13075154,37.24614198,17.96601789,15.45764977,28.01958496,44.61869507,46.32645239,46.53000456,47.11700298,47.91028527,48.61322248,48.12467671,46.09896215,51.27872220,57.16868464,52.79207563,47.58408049,46.03756442,43.38787289,41.87495463,40.48390209,37.22303021,33.46869121,31.69887882,30.19568264,28.81892441,28.04017171,25.63140332,24.83831092,23.07146789,21.01858583,19.31151374, 0.00000000, 0.00000000
 0.00000000,44.91227100,62.68960631,68.62961174,70.70665647,70.59695137,69.99775955,69.52345560,68.46512367,41.96612607,59.55055878,60.74456589,60.24649576,62.37830679,68.04098258,72.33967457,72.77906202,56.59896850,33.45088789,23.15950057,39.23720804,58.12879917,60.30928537,61.14450388,60.96489021,59.72707136,55.73464658,48.52282124,43.70609775,39.64210852,42.38677484,50.65972856,49.14994360,40.69662705,34.93663007,31.62483389,26.80541912,22.51696838,19.22444445,16.50406233,15.69364878,15.78728206,15.36930343,14.83699382,14.17768811,14.33027935,14.50991043,13.79554579, 0.00000000, 0.00000000
 0.00000000,34.79557198,48.79192652,51.90715953,53.47842258,53.51117797,51.96141616,50.27618807,47.53143259,20.49557518,26.53537109,22.15192881,18.45108715,31.90087406,40.15538591,40.17577275,40.01984874,26.94934536,15.75612295,16.11037587,24.22794716,32.11902183,33.74347409,32.71550717,30.45889421,28.96810596,24.61226537,19.84934033,15.76753554,10.46178025,15.18365260,23.76841214,20.08778759,15.72728495,13.00977516,12.21472646,11.06062549, 9.51081469, 8.88201415, 7.83198275, 6.61593548, 6.47943024, 6.80336135, 6.52420109, 5.81931687, 5.93610255, 5.91950906, 5.45761489, 0.00000000, 0.00000000
 0.00000000,19.13907172,21.87546042,20.51189097,21.71357112,21.28741687,20.26297457,19.70937950,15.65852007, 7.21018106, 6.18165867, 8.03383875, 9.37040182, 9.13353611,12.38262355,15.00290900,13.81765609,10.94171614, 9.79095238, 8.64901857, 7.54359207, 8.72223957,12.05478527,13.11060802,12.53206158,10.76774399, 9.98167735, 9.75150842, 7.73800736,10.56948042,12.35537418,10.46736727,12.47768416,13.20147947,13.91204178,16.13397294,18.32005705,17.33579384,16.32725864,17.23288278,16.14969857,13.61434258,13.32699534,12.58541408, 9.36375029, 6.96656159, 6.27209873, 6.34556055, 0.00000000, 0.00000000
 0.00000000,16.96040908,19.58030133,17.86481547,16.62324051,15.72264587,15.33153239,15.22587953,14.98521415,15.16534549,16.72611721,19.76958540,22.14361298,22.02357440,21.19407987,22.58361024,25.02173806,21.23734026,15.01414455,17.15870797,17.39972378,16.80906910,19.44965445,21.19602428,21.83071873,19.85916449,20.48788161,23.35573389,21.92290352,24.94717482,30.35187873,29.81544846,30.19586207,33.71652698,34.43717268,34.70065769,39.26962285,43.17922101,39.74250193,37.23639942,39.47934633,36.91752414,31.17471083,29.55580714,26.62158569,19.44253438,14.91906689,14.37524749, 0.00000000, 0.00000000
 0.00000000,26.79090107,39.03876276,41.22098108,38.96783259,36.59699976,35.36891538,34.95986179,34.73857918,34.52593542,36.42985593,40.88273279,46.17906450,48.79776436,47.66816352,49.39247916,55.20812527,57.48968303,47.50071767,37.81501453,40.23958903,44.01522287,44.41281112,45.20993010,46.45296121,47.01037968,47.99206218,50.23478586,52.00808834,58.45887991,65.55113295,64.55922078,62.84497961,65.60948552,70.23489867,73.44318544,72.29654361,68.63720500,70.33146472,71.70332278,64.03320033,59.86096514,60.39300633,53.75240123,44.79414233,39.95078218,35.78063558,30.72482965, 0.00000000, 0.00000000
 0.00000000,29.04635800,48.87070912,58.31539941,59.82907907,58.08899645,55.85918186,53.81493813,51.93398317,50.91256271,53.35568693,59.58303495,65.41285202,69.33865729,70.66664161,71.23307992,75.21247361,77.70792629,69.69555531,60.24698912,60.29538638,63.07392237,64.01121318,64.17375089,64.02830581,63.63695771,63.05956737,61.82536580,59.38624964,60.34603767,66.76559343,73.57345859,76.54191782,75.37274071,70.96833268,64.80271849,62.34191103,62.40134111,57.15557919,49.09043118,47.72103851,48.44411523,42.46478386,37.91209961,36.94012145,33.48969657,28.29587076,26.20044015, 0.00000000, 0.00000000
