 0.000000000, 0.487044504, 0.313346878, 0.255212628, 0.311536355, 0.520236775, 0.572184748, 0.269776510, 0.049244149, 0.000000000, 0.000000000, 0.000000000, 0.000000000, 0.000000000, 0.000000000, 0.000000000, 0.000000000, 0.000000000, 0.000000000, 0.000000000, 0.014565633, 0.025723023, 0.000000000, 0.000000000, 0.000000000, 0.000000000, 0.000000000, 0.000000000, 0.000000000, 0.000000000, 0.000000000, 0.000000000, 0.000000000, 0.000000000, 0.000000000, 0.000000000, 0.000000000, 0.000000000, 0.000000000, 0.000000000, 0.000000000
 0.000000000, 0.000000000, 0.164657841, 0.111929156, 0.104437028, 0.281552097, 0.144223810, 0.049517421, 0.071094136, 0.000000000, 0.000000000, 0.000000000, 0.000000000, 0.000000000, 0.000000000, 0.000000000, 0.000000000, 0.000000000, 0.000000000, 0.015741907, 0.029009852, 0.000000000, 0.000000000, 0.000000000, 0.000000000, 0.000000000, 0.000000000, 0.000000000, 0.000000000, 0.000000000, 0.000000000, 0.000000000, 0.000000000, 0.000000000, 0.000000000, 0.000000000, 0.000000000, 0.000000000, 0.000000000, 0.000000000, 0.000000000
 0.000000000, 0.000000000, 0.000000000, 0.000000000, 0.000000000, 0.126767492, 0.279841552, 0.166528884, 0.030520120, 0.000000000, 0.000000000, 0.000000000, 0.000000000, 0.000000000, 0.000000000, 0.000000000, 0.000000000, 0.000000000, 0.000000000, 0.000000000, 0.000000000, 0.000000000, 0.000000000, 0.000000000, 0.000000000, 0.000000000, 0.000000000, 0.000000000, 0.000000000, 0.000000000, 0.000000000, 0.000000000, 0.000000000, 0.000000000, 0.000000000, 0.000000000, 0.000000000, 0.000000000, 0.000000000, 0.000000000, 0.000000000
 0.000000000, 0.932579139, 0.418621170, 0.157502384, 0.195177066, 0.273249025, 0.288616199, 0.121226943, 0.027013874, 0.014206458, 0.000000000, 0.000000000, 0.000000000, 0.000000000, 0.000000000, 0.000000000, 0.000000000, 0.000000000, 0.000000000, 0.000000000, 0.000000000, 0.000000000, 0.000000000, 0.000000000, 0.000000000, 0.000000000, 0.000000000, 0.000000000, 0.000000000, 0.000000000, 0.000000000, 0.000000000, 0.000000000, 0.000000000, 0.000000000, 0.000000000, 0.000000000, 0.000000000, 0.000000000, 0.000000000, 0.000000000
 0.000000000, 0.145480526, 0.106060515, 0.053190301, 0.133025086, 0.192097710, 0.119684859, 0.048320190, 0.000000000, 0.000000000, 0.000000000, 0.000000000, 0.000000000, 0.000000000, 0.000000000, 0.000000000, 0.000000000, 0.000000000, 0.000000000, 0.000000000, 0.000000000, 0.000000000, 0.000000000, 0.000000000, 0.000000000, 0.000000000, 0.000000000, 0.000000000, 0.000000000, 0.000000000, 0.000000000, 0.000000000, 0.000000000, 0.000000000, 0.000000000, 0.000000000, 0.000000000, 0.000000000, 0.000000000, 0.000000000, 0.000000000
 0.000000000, 0.000000000, 0.069140454, 0.076346839, 0.191439551, 0.248649520, 0.098717029, 0.039690142, 0.012848827, 0.000000000, 0.000000000, 0.000000000, 0.000000000, 0.000000000, 0.000000000, 0.000000000, 0.000000000, 0.000000000, 0.000000000, 0.000000000, 0.000000000, 0.000000000, 0.000000000, 0.000000000, 0.000000000, 0.000000000, 0.000000000, 0.000000000, 0.000000000, 0.000000000, 0.000000000, 0.000000000, 0.000000000, 0.000000000, 0.000000000, 0.000000000, 0.000000000, 0.000000000, 0.000000000, 0.000000000, 0.000000000
 0.000000000, 0.468290217, 0.331930321, 0.119601980, 0.000000000, 0.000000000, 0.009754678, 0.042227222, 0.039273684, 0.012367727, 0.000000000, 0.000000000, 0.000000000, 0.000000000, 0.000000000, 0.000000000, 0.000000000, 0.000000000, 0.000000000, 0.000000000, 0.000000000, 0.000000000, 0.000000000, 0.000000000, 0.000000000, 0.000000000, 0.000000000, 0.000000000, 0.000000000, 0.000000000, 0.000000000, 0.000000000, 0.000000000, 0.000000000, 0.000000000, 0.000000000, 0.000000000, 0.000000000, 0.000000000, 0.000000000, 0.000000000
 0.000000000, 0.000000000, 0.054039079, 0.178842867, 0.117701968, 0.021506998, 0.065276827, 0.063477875, 0.027150601, 0.010694814, 0.000000000, 0.000000000, 0.000000000, 0.000000000, 0.000000000, 0.000000000, 0.000000000, 0.000000000, 0.000000000, 0.000000000, 0.000000000, 0.000000000, 0.000000000, 0.000000000, 0.000000000, 0.000000000, 0.000000000, 0.000000000, 0.000000000, 0.000000000, 0.000000000, 0.000000000, 0.000000000, 0.000000000, 0.000000000, 0.000000000, 0.000000000, 0.000000000, 0.000000000, 0.000000000, 0.000000000
 0.000000000, 0.000000000, 0.090929825, 0.123615858, 0.060202105, 0.084704825, 0.110761205, 0.063191002, 0.013727209, 0.000000000, 0.000000000, 0.000000000, 0.000000000, 0.000000000, 0.000000000, 0.000000000, 0.000000000, 0.000000000, 0.000000000, 0.000000000, 0.000000000, 0.000000000, 0.000000000, 0.000000000, 0.000000000, 0.000000000, 0.000000000, 0.000000000, 0.000000000, 0.000000000, 0.000000000, 0.000000000, 0.000000000, 0.000000000, 0.000000000, 0.000000000, 0.000000000, 0.000000000, 0.000000000, 0.000000000, 0.000000000
 0.000000000, 0.104996409, 0.140911933, 0.116204814, 0.102358105, 0.101693072, 0.038796686, 0.008988593, 0.017315785, 0.010292752, 0.000000000, 0.000000000, 0.000000000, 0.000000000, 0.000000000, 0.000000000, 0.000000000, 0.000000000, 0.000000000, 0.000000000, 0.000000000, 0.000000000, 0.000000000, 0.000000000, 0.000000000, 0.000000000, 0.000000000, 0.000000000, 0.000000000, 0.000000000, 0.000000000, 0.000000000, 0.000000000, 0.000000000, 0.000000000, 0.000000000, 0.000000000, 0.000000000, 0.000000000, 0.000000000, 0.000000000
 0.000000000, 0.231404730, 0.185974253, 0.163008740, 0.122289790, 0.059846575, 0.091410414, 0.094483168, 0.046839334, 0.023139228, 0.000000000, 0.000000000, 0.000000000, 0.000000000, 0.000000000, 0.000000000, 0.000000000, 0.000000000, 0.000000000, 0.053234348, 0.043342166, 0.158378555, 0.131155039, 0.136725308, 0.253248298, 0.000000000, 0.000000000, 0.000000000, 0.000000000, 0.000000000, 0.000000000, 0.000000000, 0.000000000, 0.000000000, 0.000000000, 0.000000000, 0.000000000, 0.000000000, 0.000000000, 0.000000000, 0.000000000
 0.000000000, 0.000000000, 0.119347354, 0.171668939, 0.074559988, 0.031283378, 0.034452518, 0.024739639, 0.014005198, 0.002106639, 0.000000000, 0.000000000, 0.000000000, 0.000000000, 0.000000000, 0.000000000, 0.000000000, 0.000000000, 0.000000000, 0.051826495, 0.060603387, 0.185072456, 0.122929180, 0.207948999, 0.377238595, 0.332261217, 0.218105003, 0.073964678, 0.000000000, 0.000000000, 0.078562886, 0.078810492, 0.000000000, 0.000000000, 0.000000000, 0.000000000, 0.000000000, 0.000000000, 0.000000000, 0.000000000, 0.000000000
 0.000000000, 0.000000000, 0.000000000, 0.062634112, 0.122262924, 0.073889006, 0.137582457, 0.122079283, 0.073826815, 0.019574269, 0.000000000, 0.000000000, 0.000000000, 0.000000000, 0.000000000, 0.000000000, 0.000000000, 0.000000000, 0.000000000, 0.053908913, 0.056528139, 0.252270821, 0.219323969, 0.216712524, 0.398596690, 0.378074519, 0.263028776, 0.086313764, 0.098828477, 0.107692384, 0.243748938, 0.264456452, 0.144678671, 0.274837167, 0.252040180, 0.190504541, 0.000000000, 0.000000000, 0.000000000, 0.000000000, 0.000000000
 0.000000000, 0.174612215, 0.242494457, 0.219161098, 0.275211454, 0.275078595, 0.176552484, 0.076148547, 0.022268430, 0.000000000, 0.000000000, 0.000000000, 0.000000000, 0.000000000, 0.000000000, 0.000000000, 0.000000000, 0.000000000, 0.000000000, 0.000000000, 0.049645629, 0.221952618, 0.099579360, 0.344220816, 0.489683549, 0.505614561, 0.239224862, 0.000000000, 0.228316376, 0.235992595, 0.263897352, 0.293045778, 0.176972388, 0.349928411, 0.311892716, 0.206568073, 0.131626566, 0.000000000, 0.000000000, 0.000000000, 0.000000000
 0.000000000, 0.152807094, 0.374593220, 0.651325044, 0.633120131, 0.447267399, 0.248024147, 0.145170219, 0.044568540, 0.000000000, 0.000000000, 0.000000000, 0.000000000, 0.000000000, 0.000000000, 0.000000000, 0.000000000, 0.000000000, 0.000000000, 0.028570276, 0.074382935, 0.333877095, 0.376027076, 0.404610557, 0.825128596, 0.846602125, 0.590982828, 0.181505576, 0.367809405, 0.376444639, 0.086383638, 0.266572625, 0.336016970, 0.348817969, 0.304927604, 0.206280732, 0.141666992, 0.000000000, 0.000000000, 0.000000000, 0.000000000
 0.000000000, 0.165962152, 0.379837666, 0.545186720, 0.673785108, 0.711238955, 0.283374617, 0.027988761, 0.030413283, 0.000000000, 0.000000000, 0.000000000, 0.000000000, 0.000000000, 0.000000000, 0.000000000, 0.000000000, 0.000000000, 0.000000000, 0.078102361, 0.126778784, 0.695079674, 0.663380549, 0.675334350, 1.261607235, 1.267057747, 1.195364520, 0.530533267, 0.259635032, 0.527400845, 0.533141394, 0.496181799, 0.439003237, 0.402193736, 0.332487954, 0.228282958, 0.117139871, 0.049001649, 0.000000000, 0.000000000, 0.000000000
 0.000000000, 0.235097192, 0.282825573, 0.199594723, 0.272487263, 0.497053872, 0.431186889, 0.112650362, 0.009962822, 0.000000000, 0.000000000, 0.000000000, 0.000000000, 0.000000000, 0.000000000, 0.000000000, 0.000000000, 0.000000000, 0.000000000, 0.000000000, 0.122030506, 0.743016591, 0.713986942, 0.695511148, 1.291390567, 1.273084384, 0.892152166, 0.259105267, 0.238903055, 0.623528599, 0.655987870, 0.508128665, 0.444532922, 0.393084185, 0.314432058, 0.226550184, 0.169942168, 0.000000000, 0.000000000, 0.000000000, 0.000000000
 0.000000000, 0.139780416, 0.283087560, 0.366179351, 0.396519961, 0.151822516, 0.069256083, 0.032007028, 0.000000000, 0.000000000, 0.000000000, 0.000000000, 0.000000000, 0.000000000, 0.000000000, 0.000000000, 0.000000000, 0.000000000, 0.000000000, 0.000000000, 0.081573924, 0.316576453, 0.477020786, 0.484862041, 0.995724871, 0.975803441, 0.896027060, 0.395131905, 0.178149734, 0.387348591, 0.405954842, 0.377736023, 0.330843740, 0.306206982, 0.264379111, 0.190096472, 0.128999741, 0.000000000, 0.000000000, 0.000000000, 0.000000000
 0.000000000, 0.158534217, 0.191550636, 0.264102345, 0.382200386, 0.480899338, 0.354989159, 0.075464005, 0.000000000, 0.000000000, 0.000000000, 0.000000000, 0.000000000, 0.000000000, 0.000000000, 0.000000000, 0.000000000, 0.000000000, 0.000000000, 0.008397727, 0.077147922, 0.118910817, 0.185637835, 0.656151765, 0.993564183, 0.978599669, 0.868004959, 0.615650325, 0.394973371, 0.182059102, 0.227279417, 0.450770231, 0.414436759, 0.389137030, 0.336934464, 0.173755623, 0.059625224, 0.000000000, 0.000000000, 0.000000000, 0.000000000
 0.000000000, 0.078915430, 0.045007436, 0.172437308, 0.163444153, 0.092825423, 0.279747079, 0.141363126, 0.000000000, 0.000000000, 0.000000000, 0.000000000, 0.000000000, 0.000000000, 0.000000000, 0.000000000, 0.000000000, 0.000000000, 0.000000000, 0.000000000, 0.100307730, 0.173924892, 0.000000000, 0.814716915, 1.867227422, 1.752733020, 1.522102579, 0.716592168, 0.337378099, 0.615161471, 0.872609974, 0.593349975, 0.328694466, 0.613070932, 0.418494349, 0.112704165, 0.000000000, 0.000000000, 0.000000000, 0.000000000, 0.000000000
 0.000000000, 0.410150329, 0.588576932, 0.356003099, 0.082351427, 0.041522990, 0.104187016, 0.081990497, 0.022318219, 0.000000000, 0.000000000, 0.000000000, 0.000000000, 0.000000000, 0.000000000, 0.000000000, 0.000000000, 0.000000000, 0.000000000, 0.080909207, 0.376183070, 0.646570440, 0.000000000, 1.441966521, 3.282013707, 3.126567991, 2.815306770, 1.341382511, 0.632724531, 1.142224518, 1.644730409, 1.084016524, 0.582526960, 1.120413193, 0.744547809, 0.177764012, 0.000000000, 0.000000000, 0.000000000, 0.000000000, 0.000000000
 0.000000000, 0.049179431, 0.262653947, 0.185474690, 0.126504780, 0.126739395, 0.102228941, 0.093668975, 0.032372166, 0.000000000, 0.000000000, 0.000000000, 0.000000000, 0.000000000, 0.000000000, 0.000000000, 0.000000000, 0.000000000, 0.000000000, 0.095585207, 0.299020705, 0.399856132, 0.000000000, 1.651293573, 3.732031833, 3.824021808, 3.724888548, 1.834906639, 0.918379606, 1.723587485, 1.575191068, 1.449108685, 1.175728451, 1.039363539, 0.947759154, 0.695495393, 0.251049113, 0.000000000, 0.000000000, 0.000000000, 0.000000000
 0.000000000, 0.043696667, 0.034285538, 0.013892657, 0.004754840, 0.004042447, 0.000000000, 0.000000000, 0.000000000, 0.000000000, 0.000000000, 0.000000000, 0.000000000, 0.000000000, 0.000000000, 0.000000000, 0.000000000, 0.000000000, 0.000000000, 0.000000000, 0.246670094, 0.308233780, 0.000000000, 1.117813953, 2.551772593, 2.867650668, 2.952265815, 2.304669211, 1.674411005, 1.632902182, 2.118371223, 1.798301390, 0.987692337, 0.816077694, 0.669520286, 0.507219493, 0.282597773, 0.053650521, 0.000000000, 0.000000000, 0.000000000
 0.000000000, 0.000000000, 0.000000000, 0.000000000, 0.000000000, 0.000000000, 0.000000000, 0.011105825, 0.019751075, 0.000000000, 0.000000000, 0.000000000, 0.000000000, 0.000000000, 0.000000000, 0.000000000, 0.000000000, 0.000000000, 0.000000000, 0.000000000, 0.043588475, 0.083597370, 0.000000000, 0.619054186, 1.401480768, 1.599854906, 1.745673103, 0.968199948, 0.535092221, 1.017853431, 1.270427614, 0.860151849, 0.445774767, 0.504360363, 0.424758379, 0.338483634, 0.259382393, 0.127438447, 0.054921360, 0.000000000, 0.000000000
 0.000000000, 0.035734750, 0.046291268, 0.066551004, 0.047258007, 0.017526929, 0.027737278, 0.018222444, 0.000000000, 0.000000000, 0.000000000, 0.000000000, 0.000000000, 0.000000000, 0.000000000, 0.000000000, 0.000000000, 0.000000000, 0.000000000, 0.000000000, 0.039072737, 0.056328270, 0.000000000, 0.502997411, 1.250587546, 1.498368919, 1.586729606, 1.243015445, 0.867606628, 1.260307188, 1.530604305, 0.948528717, 0.522954946, 0.461380741, 0.381171064, 0.291081497, 0.214362155, 0.143857801, 0.000000000, 0.000000000, 0.000000000
 0.000000000, 0.000000000, 0.042999294, 0.044136647, 0.000000000, 0.000000000, 0.000000000, 0.000000000, 0.000000000, 0.000000000, 0.000000000, 0.000000000, 0.000000000, 0.000000000, 0.000000000, 0.000000000, 0.000000000, 0.000000000, 0.000000000, 0.000000000, 0.071856566, 0.104182284, 0.000000000, 0.618534614, 1.432529029, 1.656190952, 1.751035682, 0.934143663, 0.977840156, 1.962180846, 1.813903468, 1.123825933, 0.649967229, 0.555862121, 0.441876943, 0.337725723, 0.266255185, 0.096651733, 0.000000000, 0.000000000, 0.000000000
 0.000000000, 0.000000000, 0.000000000, 0.000000000, 0.000000000, 0.000000000, 0.000000000, 0.000000000, 0.000000000, 0.000000000, 0.000000000, 0.000000000, 0.000000000, 0.000000000, 0.000000000, 0.000000000, 0.000000000, 0.000000000, 0.000000000, 0.000000000, 0.196911930, 0.312937568, 0.292370746, 1.085873499, 1.716914170, 2.104742169, 2.255921315, 1.173260920, 1.261438836, 2.588733832, 2.433360016, 1.475788616, 0.821542143, 0.746596801, 0.634242322, 0.470506866, 0.330675821, 0.109229595, 0.000000000, 0.000000000, 0.000000000
 0.000000000, 0.000000000, 0.000000000, 0.000000000, 0.000000000, 0.000000000, 0.000000000, 0.000000000, 0.000000000, 0.000000000, 0.000000000, 0.000000000, 0.000000000, 0.000000000, 0.000000000, 0.000000000, 0.000000000, 0.000000000, 0.000000000, 0.000000000, 0.149460619, 0.236313771, 0.000000000, 0.946726485, 2.315286669, 2.805208464, 3.119422790, 2.539741568, 2.834888851, 3.063023420, 2.905836269, 3.011413536, 2.338925953, 1.809385839, 1.050726991, 0.572430198, 0.303170605, 0.069433690, 0.000000000, 0.000000000, 0.000000000
 0.000000000, 0.000000000, 0.000000000, 0.000000000, 0.000000000, 0.000000000, 0.000000000, 0.000000000, 0.000000000, 0.000000000, 0.000000000, 0.000000000, 0.000000000, 0.000000000, 0.000000000, 0.000000000, 0.000000000, 0.000000000, 0.000000000, 0.000000000, 0.198529154, 0.326365425, 0.000000000, 1.493513659, 3.891182831, 4.553793356, 5.338703832, 6.069742894, 6.845387087, 7.801498238, 7.569892276, 5.805409173, 4.475239403, 4.185305269, 2.491336904, 0.914672359, 0.374351175, 0.094480412, 0.000000000, 0.000000000, 0.000000000
 0.000000000, 0.000000000, 0.000000000, 0.000000000, 0.000000000, 0.000000000, 0.032803647, 0.085702216, 0.048007006, 0.000000000, 0.000000000, 0.000000000, 0.000000000, 0.000000000, 0.000000000, 0.000000000, 0.000000000, 0.000000000, 0.000000000, 0.000000000, 0.321881277, 0.656407755, 0.898347063, 4.311692558, 7.984373020, 9.453569130,10.335247760,11.168634573,11.767899591,12.349913524,11.662300584, 9.060868377, 6.848518044, 5.946234737, 3.566890849, 0.810890080, 0.000000000, 0.000000000, 0.000000000, 0.000000000, 0.000000000
 0.000000000, 0.000000000, 0.017320504, 0.026822423, 0.016766166, 0.004845636, 0.010867411, 0.038719148, 0.033065412, 0.000000000, 0.000000000, 0.000000000, 0.000000000, 0.000000000, 0.000000000, 0.000000000, 0.000000000, 0.000000000, 0.000000000, 0.000000000, 0.645482624, 1.731262168, 1.809108831, 8.004579385,14.233569181,17.206386476,16.381966121,14.547648771,10.331181251, 9.148353885, 9.852551644, 6.759266497, 4.716818946, 3.500257578, 2.522623844, 2.198220015, 0.000000000, 0.000000000, 0.000000000, 0.000000000, 0.000000000
 0.000000000, 0.000000000, 0.000000000, 0.000894909, 0.006296437, 0.004508329, 0.002907421, 0.007148755, 0.006058373, 0.000000000, 0.000000000, 0.000000000, 0.000000000, 0.000000000, 0.000000000, 0.000000000, 0.000000000, 0.000000000, 0.000000000, 0.000000000, 1.005000084, 4.814490816, 0.000000000, 7.584510780,17.066433629,19.221245788,17.443055236,10.670080642, 6.008952434, 5.723299978, 5.645057286, 5.044608318, 3.961735465, 2.615711356, 1.892022479, 2.377728477, 1.454505278, 0.000000000, 0.000000000, 0.000000000, 0.000000000
 0.000000000, 0.000000000, 0.000000000, 0.000000000, 0.000000000, 0.000000000, 0.000000000, 0.000000000, 0.000000000, 0.000000000, 0.000000000, 0.000000000, 0.000000000, 0.000000000, 0.000000000, 0.000000000, 0.000000000, 0.000000000, 0.000000000, 0.000000000, 0.664724868, 4.069848030, 7.086294442,11.828045126,14.397187058,12.725339782,10.229098947, 6.180298782, 3.551515885, 4.354152837, 4.585480064, 3.154692817, 1.698901806, 1.164624955, 1.453176481, 1.739537491, 0.873580584, 0.000000000, 0.000000000, 0.000000000, 0.000000000
 0.000000000, 0.000000000, 0.000000000, 0.000000000, 0.000000000, 0.000000000, 0.000000000, 0.000000000, 0.018267410, 0.021014140, 0.000000000, 0.000000000, 0.000000000, 0.000000000, 0.000000000, 0.000000000, 0.000000000, 0.000000000, 0.000000000, 0.000000000, 1.241638709, 6.185211793, 3.059594291, 8.210909113, 9.264848394, 8.826182664, 7.908592232, 6.960794525, 6.196081777, 5.269418828, 4.531441997, 3.444764252, 1.824687221, 1.085398244, 1.015475574, 0.995299440, 0.522174942, 0.000000000, 0.000000000, 0.000000000, 0.000000000
 0.000000000, 0.000000000, 0.000000000, 0.000000000, 0.000000000, 0.000000000, 0.000000000, 0.000000000, 0.000000000, 0.000000000, 0.000000000, 0.000000000, 0.000000000, 0.000000000, 0.000000000, 0.000000000, 0.000000000, 0.000000000, 0.000000000, 0.061962833, 0.722860189, 3.030788885, 3.338572258, 5.947982503, 7.695707050, 8.495738953, 8.395089451, 7.762817076, 7.124143106, 5.971549915, 4.614071606, 3.178850355, 1.958616227, 1.250554669, 0.958194283, 0.861413058, 0.704921805, 0.265457213, 0.000000000, 0.000000000, 0.000000000
 0.000000000, 0.000000000, 0.004554857, 0.002960932, 0.000000000, 0.000000000, 0.000000000, 0.000000000, 0.000000000, 0.000000000, 0.000000000, 0.000000000, 0.000000000, 0.000000000, 0.000000000, 0.000000000, 0.000000000, 0.000000000, 0.000000000, 0.075999131, 0.694580553, 3.066152044, 3.484805527, 5.332914938, 7.843712720, 9.319419340, 9.594850108, 9.123617826, 8.384704783, 6.667908217, 4.793494648, 3.631072608, 2.074154258, 1.177508223, 0.999416869, 0.894340629, 0.918200084, 0.441055171, 0.000000000, 0.000000000, 0.000000000
 0.000000000, 0.000000000, 0.042766609, 0.025176929, 0.001470351, 0.001823328, 0.000000000, 0.000000000, 0.000000000, 0.000000000, 0.000000000, 0.000000000, 0.000000000, 0.000000000, 0.000000000, 0.000000000, 0.000000000, 0.000000000, 0.000000000, 0.000000000, 0.203940203, 3.134024510, 5.511408453, 5.787220017, 8.710201314,10.638323434,11.877894532,11.563030353,10.816724214, 8.683563346, 6.114724322, 4.453841397, 2.363262637, 1.322366330, 1.148628987, 0.978013765, 0.942389237, 0.438214627, 0.000000000, 0.000000000, 0.000000000
 0.000000000, 0.000000000, 0.000000000, 0.000000000, 0.000000000, 0.000000000, 0.000000000, 0.000000000, 0.000000000, 0.000000000, 0.000000000, 0.000000000, 0.000000000, 0.000000000, 0.000000000, 0.000000000, 0.000000000, 0.000000000, 0.000000000, 0.000000000, 0.287004205, 2.087962106, 3.772796365, 7.326430824,12.003034352,13.358404103,14.900715950,14.451343455,13.006559775, 7.512550653, 5.172314287, 4.992029837, 2.916103901, 1.422851399, 1.336562664, 1.023007277, 1.032897286, 0.530405078, 0.000000000, 0.000000000, 0.000000000
 0.000000000, 0.075383628, 0.057836454, 0.027721970, 0.000000000, 0.000000000, 0.000000000, 0.000000000, 0.000000000, 0.000000000, 0.000000000, 0.000000000, 0.000000000, 0.000000000, 0.000000000, 0.000000000, 0.000000000, 0.000000000, 0.000000000, 0.000000000, 0.000000000, 1.650412884, 7.974571690,16.322472452,19.417398607,20.059942066,22.095002874,22.149460143,17.293996739, 8.771517264, 5.428065167, 4.426863786, 3.503296753, 2.277158063, 1.818751863, 1.396810456, 1.301744232, 0.609151381, 0.000000000, 0.000000000, 0.000000000
 0.000000000, 0.000000000, 0.000000000, 0.000000000, 0.000000000, 0.000000000, 0.000000000, 0.000000000, 0.000000000, 0.000000000, 0.000000000, 0.000000000, 0.000000000, 0.000000000, 0.000000000, 0.000000000, 0.000000000, 0.000000000, 0.000000000, 0.000000000, 0.496155571, 4.017951082,11.852360991,26.922917072,33.782652628,30.434056634,27.069497298,20.334173602,13.536551767,18.271357527,16.756428855, 3.790654074, 4.106849878, 3.908370706, 2.895407430, 2.100423846, 1.569426892, 0.733230004, 0.000000000, 0.000000000, 0.000000000
 0.000000000, 0.000000000, 0.000000000, 0.107852535, 0.069889918, 0.000000000, 0.077314574, 0.026693296, 0.000000000, 0.000000000, 0.000000000, 0.000000000, 0.000000000, 0.000000000, 0.000000000, 0.000000000, 0.000000000, 0.000000000, 0.000000000, 0.000000000, 0.674726158, 0.000000000, 8.840575118,30.463263617,41.238154719,40.517668187,36.064271837,34.058481459,32.409958412,30.164976156,21.261092112, 5.659281623, 4.853015427, 5.307648982, 3.597088036, 2.501352695, 1.957923151, 1.278063724, 0.149037768, 0.000000000, 0.000000000
 0.000000000, 0.000000000, 0.000000000, 0.000000000, 0.000000000, 0.000000000, 0.000000000, 0.000000000, 0.000000000, 0.000000000, 0.000000000, 0.000000000, 0.000000000, 0.000000000, 0.000000000, 0.000000000, 0.000000000, 0.000000000, 0.000000000, 0.000000000, 0.000000000, 0.000000000, 0.000000000,15.432982075,27.431536843,26.372245121,23.656950780,21.930207362,21.209212747,20.626448543,21.056169065,10.676855027, 5.247396665, 7.047956941, 4.501175078, 2.665480205, 2.284100650, 1.772954297, 0.259847110, 0.000000000, 0.000000000
 0.000000000, 0.000000000, 0.000000000, 0.000000000, 0.007001167, 0.009385665, 0.003081482, 0.031022037, 0.081538554, 0.000000000, 0.000000000, 0.000000000, 0.000000000, 0.000000000, 0.000000000, 0.000000000, 0.000000000, 0.000000000, 0.000000000, 0.000000000, 0.000000000, 0.000000000,15.027696389,27.685769974,32.088366504,23.126914600,19.015136986,17.798251784,17.997407553,20.032432054,22.632284069,18.868180195, 0.000000000, 9.191161101,12.365108551, 9.207332474, 3.979724185, 0.499060147, 0.000000000, 0.000000000, 0.000000000
 0.000000000, 0.000000000, 0.000000000, 0.000000000, 0.013999192, 0.036471004, 0.000000000, 0.053236253, 0.050857771, 0.000000000, 0.000000000, 0.000000000, 0.000000000, 0.000000000, 0.000000000, 0.000000000, 0.000000000, 0.000000000, 0.000000000, 0.000000000, 0.000000000, 0.000000000, 0.000000000,11.849076137,18.229126226,14.781132128,12.810319323,11.898522299,12.159615128,12.580192127,13.335273252,15.267140863,12.794088889,20.076936189,19.166607473,13.688677017, 4.832325465, 0.000000000, 0.000000000, 0.000000000, 0.000000000
 0.000000000, 0.000000000, 0.000000000, 0.000000000, 0.033662248, 0.158830230, 0.258683704, 0.000000000, 0.000000000, 0.000000000, 0.000000000, 0.000000000, 0.000000000, 0.000000000, 0.000000000, 0.000000000, 0.000000000, 0.000000000, 0.000000000, 0.000000000, 0.000000000, 0.000000000, 0.000000000,11.748100775,14.296133335,11.972026405,10.565830272,10.026374976,10.085353313,10.718437715,11.727683543,13.117367750,18.574065548,26.818075619,31.311626804,22.139832332, 0.000000000, 0.000000000, 0.000000000, 0.000000000, 0.000000000
 0.000000000, 0.000000000, 0.000000000, 0.000000000, 0.000000000, 0.000000000, 0.000000000, 0.000000000, 0.000000000, 0.000000000, 0.000000000, 0.000000000, 0.000000000, 0.000000000, 0.000000000, 0.000000000, 0.000000000, 0.000000000, 0.000000000, 0.000000000, 0.000000000, 0.000000000,11.963130647,15.660791641,12.120988483,11.094502803,10.036611034, 9.654920213, 9.413185748, 9.013566340, 8.917446340, 9.633881097,13.955252811,19.654441869,20.470874052,18.071326609,14.849580765, 5.698379388, 0.000000000, 0.000000000, 0.000000000
 0.000000000, 0.000000000, 0.000000000, 0.000000000, 0.000000000, 0.023827680, 0.024499801, 0.000000000, 0.000000000, 0.000000000, 0.000000000, 0.000000000, 0.000000000, 0.000000000, 0.000000000, 0.000000000, 0.000000000, 0.000000000, 0.000000000, 0.000000000, 0.000000000, 0.000000000, 5.256749970,10.170058961, 9.466402703, 7.848136594, 7.182097599, 6.837909935, 6.959863362, 7.549580496, 8.331717613, 9.542463506,10.994580269,14.096122735,18.245411830,19.928705360,19.895560070,19.467043464, 0.000000000, 0.000000000, 0.000000000
 0.000000000, 0.000000000, 0.000000000, 0.025837231, 0.032506619, 0.017363819, 0.000000000, 0.000000000, 0.000000000, 0.000000000, 0.000000000, 0.000000000, 0.000000000, 0.000000000, 0.000000000, 0.000000000, 0.000000000, 0.000000000, 0.000000000, 0.000000000, 0.000000000, 3.221511547,10.457976520,15.712584693,13.323706303,11.536900598,10.908562028,10.462762533,10.202313831,10.355914704,10.833759379,11.730054453,12.882737721,14.398234319,15.082946933,17.900398241,21.322439553,14.686597062, 6.453140877, 0.000000000, 0.000000000
 0.000000000, 0.000000000, 0.000000000, 0.000000000, 0.000000000, 0.000000000, 0.000000000, 0.000000000, 0.000000000, 0.000000000, 0.000000000, 0.000000000, 0.000000000, 0.000000000, 0.000000000, 0.000000000, 0.000000000, 0.000000000, 0.000000000, 0.000000000, 0.000000000, 0.000000000, 3.690157413, 7.802331546, 9.358752553, 8.853358279, 8.382125316, 8.192713466, 8.042241877, 7.554747146, 7.256189877, 7.504985762, 8.209778450, 9.308888036,10.526993860,11.264893749,10.889542468, 7.543075612, 2.598417439, 0.000000000, 0.000000000
 0.000000000, 0.000000000, 0.000000000, 0.000000000, 0.000000000, 0.000000000, 0.000000000, 0.000000000, 0.000000000, 0.000000000, 0.000000000, 0.000000000, 0.000000000, 0.000000000, 0.000000000, 0.000000000, 0.000000000, 0.000000000, 0.000000000, 0.153645758, 0.000000000, 0.000000000,12.648640630,11.375324558,10.908076839, 9.322010875, 8.923265266, 8.746871284, 7.403411168, 9.016306072,10.139692887,10.737373725,11.256188344,12.006909730,13.241440293,14.005795368,14.438750790,14.918833303, 0.000000000, 0.000000000, 0.000000000
 0.000000000, 0.000000000, 0.000000000, 0.000000000, 0.000000000, 0.000000000, 0.000000000, 0.000000000, 0.000000000, 0.000000000, 0.000000000, 0.000000000, 0.000000000, 0.000000000, 0.000000000, 0.000000000, 0.000000000, 0.000000000, 0.000000000, 0.071925454, 0.000000000, 5.275839388,12.866696736,20.349157070,19.440174562,17.494160128,16.242368098,15.676634444,15.416971844,15.623560248,14.628828535,14.931470940,16.699326741,17.455653829,18.135401884,18.048718214,17.303514607,17.075678045, 0.000000000, 0.000000000, 0.000000000
 0.000000000, 0.000000000, 0.000000000, 0.000000000, 0.000000000, 0.000000000, 0.000000000, 0.000000000, 0.000000000, 0.000000000, 0.000000000, 0.000000000, 0.000000000, 0.000000000, 0.000000000, 0.000000000, 0.000000000, 0.000000000, 0.000000000, 0.000000000, 0.000000000, 3.436749870,11.999615192,15.050057953,15.385792850,15.455490400,15.207071134,14.579646474,13.795228656,12.893047692,12.106583539,11.562106566,11.271354777,11.307587399,10.807170909,10.288646384,10.098050821, 9.686671084, 6.465012158, 0.000000000, 0.000000000
 0.000000000, 0.158544119, 0.239338915, 0.173499124, 0.092777963, 0.052190830, 0.077839007, 0.088702136, 0.074973112, 0.306541481, 0.551976126, 0.166532125, 0.000000000, 0.000000000, 0.000000000, 0.000000000, 0.000000000, 0.000000000, 0.000000000, 0.046004228, 0.550727891, 2.293555443, 5.917298282, 6.133877240, 4.191952820, 3.787166391, 3.669669905, 3.547544753, 3.791324629, 4.177663504, 5.726047292, 7.608097550, 8.103278422, 7.813384139, 8.986192389,10.265912555,10.140686561,10.055531195, 9.297926640, 6.364388156, 0.000000000
 0.000000000, 0.088859847, 0.222901214, 0.255130175, 0.150739136, 0.082661757, 0.315140717, 0.509680425, 0.131159952, 0.459158277, 1.395140219, 0.619452374, 0.017352097, 0.000000000, 0.000000000, 0.000000000, 0.000000000, 0.000000000, 0.000000000, 0.060372160, 1.172324765, 5.755941076, 9.043327608,19.784323861,17.850368968,14.664209411,13.595727665, 5.247787947, 5.398869040, 5.747976694, 5.896407714,10.896652752,16.760687819,17.630693248,19.427160653,21.495133973,21.972334681,20.711298529,18.560959699,14.225003919, 0.000000000
 0.000000000, 0.194413495, 0.711158111, 0.623979240, 0.138297932, 0.041655100, 0.099507606, 0.310039322, 0.320829179, 0.889221091, 3.064346524, 1.944987013, 0.126360251, 0.000000000, 0.000000000, 0.000000000, 0.000000000, 0.000000000, 0.000000000, 0.065831494, 1.197637490, 7.201859897,11.210809681,23.593773915,29.120773806,27.219472596,25.298821200, 8.791119298, 8.807719478, 9.043879619, 9.335417562,16.728642656,24.910084336,25.838414968,26.367097666,26.391849076,25.125429750,22.841202908,19.555805914,14.198337658, 0.000000000
 0.000000000, 0.106694571, 0.200223520, 0.091412055, 0.019190570, 0.026568813, 0.066444362, 0.163152497, 0.139710209, 0.160681277, 0.953369204, 1.199811582, 0.210592496, 0.000000000, 0.000000000, 0.000000000, 0.000000000, 0.000000000, 0.000000000, 0.012261543, 0.541085295, 4.557588368, 7.334057559,16.294787911,20.382472193,20.250933199,19.841126542, 7.181124903, 7.189832628, 7.042143425, 6.678371601,10.998202004,15.442471519,15.247746934,14.752756848,14.289804983,13.038047455,10.632614389, 7.129053614, 4.530339854, 0.000000000
 0.000000000, 0.091615044, 0.181048725, 0.102460228, 0.037331976, 0.041837845, 0.062523858, 0.074044761, 0.039332835, 0.162479598, 0.916138610, 0.725132456, 0.079668811, 0.000000000, 0.000000000, 0.000000000, 0.000000000, 0.000000000, 0.000000000, 0.000000000, 0.066527025, 0.730238499, 3.630185061, 8.462549488, 8.346368520, 8.354121461, 8.156764443, 3.474093210, 3.562170630, 3.590989334, 4.148965060, 5.376714591, 5.942036079, 5.517910099, 5.292087235, 5.438433066, 5.201046402, 4.256568182, 3.462429943, 2.836448005, 0.000000000
 0.000000000, 0.187682987, 0.389316452, 0.369381791, 0.074495228, 0.027255014, 0.042464218, 0.020137126, 0.000000000, 0.201834640, 1.575328987, 0.957674450, 0.000000000, 0.000000000, 0.000000000, 0.000000000, 0.000000000, 0.000000000, 0.000000000, 0.000000000, 0.000000000, 0.629568823, 0.922531083, 3.075467288, 4.328747836, 5.344508868, 5.157503280, 5.189983947, 5.668676784, 6.386819320, 7.190434869, 7.474592016, 7.772345043, 8.180947483, 7.848492321, 8.509983928, 9.771021404, 9.331918684, 8.023368230, 5.436672466, 0.000000000
 0.000000000, 0.403607861, 0.840101243, 1.094103849, 0.634840423, 0.210951200, 0.114747399, 0.030692289, 0.000000000, 0.169929010, 2.894619710, 2.661399254, 0.000000000, 0.000000000, 0.000000000, 0.000000000, 0.000000000, 0.000000000, 0.000000000, 0.000000000, 1.828713267,11.077350515,15.438503868,17.607870769,15.310059507,12.928412175,11.215413983,10.859310520,11.485033701,12.942322893,14.869961189,16.604665954,17.740519796,18.285076668,17.026662228,17.779509059,20.835671564,21.112529324,20.136279493,18.874985531, 0.000000000
 0.000000000, 0.385478143, 1.085033512, 1.195014797, 0.373752234, 0.000000000, 0.000000000, 0.000000000, 0.000000000, 0.426904020, 3.108896055, 1.578823932, 0.000000000, 0.000000000, 0.000000000, 0.000000000, 0.000000000, 0.000000000, 0.000000000, 0.000000000, 1.329669133,12.540974271,28.616067436,29.928660466,25.689924472,21.998490552,19.807857350,18.987117849,19.364343615,20.623359744,22.261705778,23.817071429,24.972429334,24.901405115,24.466533998,25.603477134,26.990338800,26.867016212,25.660625723,22.285265151, 0.000000000
