 0.0000000000, 0.0000000000, 0.0000000000, 0.0000000000, 0.0000000000, 0.0000000000, 0.0000000000, 0.0000000000, 0.0000000000, 0.0000000000, 0.0000000000, 0.0000000000, 0.0000000000, 0.0000000000, 0.0000000000, 0.0000000000, 0.0000000000, 0.0000000000, 0.0000000000, 0.0000000000, 0.0000000000, 0.0186118112, 0.0159324809, 0.0000000000, 0.1466460959, 0.1755024701, 0.0000000000, 0.0000000000, 0.0000000000, 0.0000000000, 0.0000000000, 0.0000000000, 0.0000000000, 0.0000000000, 0.0000000000, 0.0000000000, 0.0000000000, 0.0000000000, 0.0000000000, 0.0000000000, 0.0000000000, 0.0000000000
 0.0000000000, 0.0000000000, 0.0000000000, 0.0000000000, 0.0000000000, 0.0000000000, 0.0000000000, 0.0000000000, 0.0000000000, 0.0000000000, 0.0000000000, 0.0000000000, 0.0000000000, 0.0000000000, 0.0000000000, 0.0000000000, 0.0000000000, 0.0000000000, 0.0000000000, 0.0000000000, 0.0000000000, 0.0266263594, 0.0281952028, 0.0000000000, 0.1839112283, 0.1806030671, 0.1275677361, 0.0000000000, 0.0000000000, 0.0000000000, 0.0000000000, 0.0000000000, 0.0000000000, 0.0000000000, 0.0000000000, 0.0000000000, 0.0000000000, 0.0000000000, 0.0000000000, 0.0000000000, 0.0000000000, 0.0000000000
 0.0000000000, 0.0000000000, 0.0000000000, 0.0000000000, 0.0000000000, 0.0000000000, 0.0000000000, 0.0000000000, 0.0000000000, 0.0000000000, 0.0000000000, 0.0000000000, 0.0000000000, 0.0000000000, 0.0000000000, 0.0000000000, 0.0000000000, 0.0000000000, 0.0000000000, 0.0000000000, 0.0023344606, 0.0651032213, 0.0700858006, 0.0000000000, 0.0772563780, 0.1017784931, 0.0901886836, 0.0000000000, 0.0000000000, 0.0000000000, 0.0000000000, 0.0000000000, 0.0000000000, 0.0000000000, 0.0000000000, 0.0000000000, 0.0000000000, 0.0000000000, 0.0000000000, 0.0000000000, 0.0000000000, 0.0000000000
 0.0000000000, 0.0000000000, 0.0000000000, 0.0000000000, 0.0000000000, 0.0000000000, 0.0000000000, 0.0000000000, 0.0000000000, 0.0000000000, 0.0000000000, 0.0000000000, 0.0000000000, 0.0000000000, 0.0000000000, 0.0000000000, 0.0000000000, 0.0000000000, 0.0000000000, 0.0000000000, 0.0000000000, 0.0546191189, 0.0550568074, 0.0000000000, 0.0000000000, 0.0000000000, 0.0000000000, 0.0000000000, 0.0000000000, 0.0000000000, 0.0000000000, 0.0000000000, 0.0000000000, 0.0000000000, 0.0000000000, 0.0000000000, 0.0000000000, 0.0000000000, 0.0000000000, 0.0000000000, 0.0000000000, 0.0000000000
 0.0000000000, 0.0000000000, 0.0000000000, 0.0000000000, 0.0000000000, 0.0000000000, 0.0000000000, 0.0000000000, 0.0000000000, 0.0000000000, 0.0000000000, 0.0000000000, 0.0000000000, 0.0000000000, 0.0000000000, 0.0000000000, 0.0000000000, 0.0000000000, 0.0000000000, 0.0000000000, 0.0000000000, 0.0000000000, 0.0000000000, 0.0000000000, 0.0000000000, 0.0000000000, 0.0000000000, 0.0000000000, 0.0000000000, 0.0000000000, 0.0000000000, 0.0000000000, 0.0000000000, 0.0000000000, 0.0000000000, 0.0000000000, 0.0000000000, 0.0000000000, 0.0000000000, 0.0000000000, 0.0000000000, 0.0000000000
 0.0000000000, 0.0000000000, 0.0000000000, 0.0000000000, 0.0000000000, 0.0000000000, 0.0000000000, 0.0000000000, 0.0000000000, 0.0000000000, 0.0000000000, 0.0000000000, 0.0000000000, 0.0000000000, 0.0000000000, 0.0000000000, 0.0000000000, 0.0000000000, 0.0000000000, 0.0000000000, 0.0000000000, 0.0000000000, 0.0000000000, 0.0000000000, 0.0000000000, 0.0000000000, 0.0000000000, 0.0000000000, 0.0000000000, 0.0000000000, 0.0000000000, 0.0000000000, 0.0000000000, 0.0000000000, 0.0000000000, 0.0000000000, 0.0000000000, 0.0000000000, 0.0000000000, 0.0000000000, 0.0000000000, 0.0000000000
 0.0000000000, 0.0000000000, 0.0000000000, 0.0000000000, 0.0000000000, 0.0000000000, 0.0000000000, 0.0000000000, 0.0000000000, 0.0000000000, 0.0000000000, 0.0000000000, 0.0000000000, 0.0000000000, 0.0000000000, 0.0000000000, 0.0000000000, 0.0000000000, 0.0000000000, 0.0000000000, 0.0000000000, 0.0000000000, 0.0000000000, 0.0000000000, 0.0000000000, 0.0000000000, 0.0000000000, 0.0000000000, 0.0000000000, 0.0000000000, 0.0000000000, 0.0000000000, 0.0000000000, 0.0000000000, 0.0000000000, 0.0000000000, 0.0000000000, 0.0000000000, 0.0000000000, 0.0000000000, 0.0000000000, 0.0000000000
 0.0000000000, 0.0000000000, 0.0000000000, 0.0000000000, 0.0000000000, 0.0000000000, 0.0000000000, 0.0000000000, 0.0000000000, 0.0000000000, 0.0000000000, 0.0000000000, 0.0000000000, 0.0000000000, 0.0000000000, 0.0000000000, 0.0000000000, 0.0000000000, 0.0000000000, 0.0000000000, 0.0000000000, 0.0000000000, 0.0000000000, 0.0000000000, 0.0000000000, 0.0000000000, 0.0000000000, 0.0000000000, 0.0000000000, 0.0000000000, 0.0000000000, 0.0000000000, 0.0000000000, 0.0000000000, 0.0000000000, 0.0000000000, 0.0000000000, 0.0000000000, 0.0000000000, 0.0000000000, 0.0000000000, 0.0000000000
 0.0000000000, 0.0000000000, 0.0000000000, 0.0000000000, 0.0000000000, 0.0000000000, 0.0000000000, 0.0000000000, 0.0000000000, 0.0000000000, 0.0000000000, 0.0000000000, 0.0000000000, 0.0000000000, 0.0000000000, 0.0000000000, 0.0000000000, 0.0000000000, 0.0000000000, 0.0000000000, 0.0000000000, 0.0000000000, 0.0000000000, 0.0000000000, 0.0000000000, 0.0000000000, 0.0000000000, 0.0000000000, 0.0000000000, 0.0000000000, 0.0000000000, 0.0000000000, 0.0000000000, 0.0000000000, 0.0000000000, 0.0000000000, 0.0000000000, 0.0000000000, 0.0000000000, 0.0000000000, 0.0000000000, 0.0000000000
 0.0000000000, 0.0000000000, 0.0000000000, 0.0000000000, 0.0000000000, 0.0000000000, 0.0000000000, 0.0000000000, 0.0000000000, 0.0000000000, 0.0000000000, 0.0000000000, 0.0000000000, 0.0000000000, 0.0000000000, 0.0000000000, 0.0000000000, 0.0000000000, 0.0000000000, 0.0000000000, 0.0000000000, 0.0000000000, 0.0000000000, 0.0000000000, 0.0000000000, 0.0000000000, 0.0000000000, 0.0000000000, 0.0000000000, 0.0000000000, 0.0000000000, 0.0000000000, 0.0000000000, 0.0000000000, 0.0000000000, 0.0000000000, 0.0000000000, 0.0000000000, 0.0000000000, 0.0000000000, 0.0000000000, 0.0000000000
 0.0000000000, 0.0000000000, 0.0000000000, 0.0000000000, 0.1313486787, 0.1225407771, 0.1300170278, 0.1053592608, 0.0000000000, 0.0000000000, 0.0000000000, 0.0000000000, 0.0000000000, 0.0000000000, 0.0000000000, 0.0000000000, 0.0000000000, 0.0000000000, 0.0000000000, 0.0000000000, 0.0000000000, 0.0000000000, 0.0000000000, 0.0000000000, 0.0000000000, 0.0000000000, 0.0000000000, 0.0000000000, 0.0000000000, 0.0000000000, 0.0000000000, 0.0000000000, 0.0000000000, 0.0000000000, 0.0000000000, 0.0000000000, 0.0000000000, 0.0000000000, 0.0000000000, 0.0000000000, 0.0000000000, 0.0000000000
 0.0000000000, 0.0000000000, 0.0000000000, 0.0000000000, 0.1443941747, 0.1192831550, 0.0620324608, 0.0000000000, 0.0000000000, 0.0000000000, 0.0000000000, 0.0000000000, 0.0000000000, 0.0000000000, 0.0000000000, 0.0000000000, 0.0000000000, 0.0000000000, 0.0000000000, 0.0000000000, 0.0052866366, 0.0036445244, 0.0000000000, 0.0000000000, 0.0000000000, 0.0000000000, 0.0000000000, 0.0000000000, 0.0000000000, 0.0000000000, 0.0000000000, 0.0000000000, 0.0000000000, 0.0000000000, 0.0000000000, 0.0000000000, 0.0000000000, 0.0000000000, 0.0000000000, 0.0000000000, 0.0000000000, 0.0000000000
 0.0000000000, 0.0000000000, 0.0000000000, 0.0000000000, 0.0000000000, 0.0000000000, 0.0000000000, 0.0000000000, 0.0000000000, 0.0000000000, 0.0000000000, 0.0000000000, 0.0000000000, 0.0000000000, 0.0000000000, 0.0000000000, 0.0000000000, 0.0000000000, 0.0000000000, 0.0000000000, 0.0000000000, 0.0000000000, 0.0549577707, 0.0895725955, 0.0689048139, 0.0365760931, 0.0000000000, 0.0000000000, 0.0000000000, 0.0000000000, 0.0000000000, 0.0000000000, 0.0000000000, 0.0000000000, 0.0000000000, 0.0000000000, 0.0000000000, 0.0000000000, 0.0000000000, 0.0000000000, 0.0000000000, 0.0000000000
 0.0000000000, 0.0000000000, 0.0000000000, 0.0000000000, 0.0000000000, 0.0000000000, 0.0000000000, 0.0000000000, 0.0000000000, 0.0000000000, 0.0000000000, 0.0000000000, 0.0000000000, 0.0000000000, 0.0000000000, 0.0000000000, 0.0000000000, 0.0000000000, 0.0000000000, 0.0000000000, 0.0000000000, 0.0000000000, 0.0448830492, 0.0385079219, 0.0158046045, 0.0000000000, 0.0000000000, 0.0000000000, 0.0000000000, 0.0088203947, 0.0151873964, 0.0000000000, 0.0000000000, 0.0000000000, 0.0000000000, 0.0000000000, 0.0000000000, 0.0000000000, 0.0000000000, 0.0000000000, 0.0000000000, 0.0000000000
 0.0000000000, 0.0000000000, 0.0000000000, 0.0000000000, 0.0000000000, 0.0000000000, 0.0493294743, 0.0893296475, 0.0000000000, 0.0000000000, 0.0000000000, 0.0000000000, 0.0000000000, 0.0000000000, 0.0000000000, 0.0000000000, 0.0000000000, 0.0000000000, 0.0000000000, 0.0000000000, 0.0000000000, 0.0000000000, 0.0000000000, 0.0000000000, 0.0000000000, 0.0000000000, 0.0000000000, 0.0000000000, 0.0000000000, 0.0000000000, 0.0000000000, 0.0000000000, 0.0000000000, 0.0000000000, 0.0000000000, 0.0000000000, 0.0000000000, 0.0000000000, 0.0000000000, 0.0000000000, 0.0000000000, 0.0000000000
 0.0000000000, 0.0000000000, 0.0000000000, 0.0000000000, 0.0000000000, 0.1206518751, 0.1845819253, 0.1000294924, 0.0000000000, 0.0000000000, 0.0000000000, 0.0000000000, 0.0000000000, 0.0000000000, 0.0000000000, 0.0000000000, 0.0000000000, 0.0000000000, 0.0000000000, 0.0000000000, 0.0000000000, 0.0000000000, 0.0000000000, 0.0000000000, 0.0000000000, 0.0000000000, 0.0000000000, 0.0000000000, 0.0000000000, 0.0000000000, 0.0000000000, 0.0000000000, 0.0000000000, 0.0000000000, 0.0000000000, 0.0000000000, 0.0000000000, 0.0000000000, 0.0000000000, 0.0000000000, 0.0000000000, 0.0000000000
 0.0000000000, 0.0000000000, 0.0000000000, 0.0000000000, 0.0819801023, 0.1506474178, 0.1913534582, 0.0000000000, 0.0000000000, 0.0000000000, 0.0000000000, 0.0000000000, 0.0000000000, 0.0000000000, 0.0000000000, 0.0000000000, 0.0000000000, 0.0000000000, 0.0000000000, 0.0000000000, 0.0000000000, 0.0000000000, 0.0000000000, 0.0000000000, 0.0000000000, 0.0000000000, 0.0000000000, 0.0000000000, 0.0000000000, 0.0000000000, 0.0000000000, 0.0000000000, 0.0000000000, 0.0000000000, 0.0000000000, 0.0000000000, 0.0000000000, 0.0000000000, 0.0000000000, 0.0000000000, 0.0000000000, 0.0000000000
 0.0000000000, 0.0000000000, 0.0000000000, 0.0000000000, 0.0000000000, 0.0000000000, 0.0000000000, 0.0000000000, 0.0000000000, 0.0000000000, 0.0000000000, 0.0000000000, 0.0000000000, 0.0000000000, 0.0000000000, 0.0000000000, 0.0000000000, 0.0000000000, 0.0000000000, 0.0000000000, 0.0000000000, 0.0000000000, 0.0107920310, 0.0117687499, 0.0000000000, 0.0000000000, 0.0000000000, 0.0000000000, 0.0000000000, 0.0000000000, 0.0000000000, 0.0000000000, 0.0000000000, 0.0000000000, 0.0000000000, 0.0000000000, 0.0000000000, 0.0000000000, 0.0000000000, 0.0000000000, 0.0000000000, 0.0000000000
 0.0000000000, 0.2279418799, 0.2262882922, 0.0000000000, 0.0000000000, 0.0000000000, 0.0000000000, 0.0000000000, 0.0000000000, 0.0000000000, 0.0000000000, 0.0000000000, 0.0000000000, 0.0000000000, 0.0000000000, 0.0000000000, 0.0000000000, 0.0000000000, 0.0000000000, 0.0000000000, 0.0000000000, 0.0000000000, 0.0000000000, 0.0000000000, 0.1877811052, 0.2643314510, 0.1990659895, 0.1397213565, 0.1383659660, 0.2990536325, 0.4750648586, 0.4794237915, 0.5063756161, 0.4509860072, 0.4079584539, 0.3283577953, 0.2579913003, 0.0000000000, 0.0000000000, 0.0000000000, 0.0000000000, 0.0000000000
 0.0000000000, 0.4207612769, 0.4551401986, 0.3916122720, 0.2013532340, 0.0657233618, 0.0000000000, 0.0000000000, 0.0000000000, 0.0000000000, 0.0000000000, 0.0000000000, 0.0000000000, 0.0000000000, 0.0000000000, 0.0000000000, 0.0000000000, 0.0000000000, 0.0000000000, 0.0000000000, 0.0000000000, 0.0000000000, 0.0000000000, 0.0000000000, 0.1318320322, 0.3164952215, 0.5805736377, 0.4308027811, 0.1194362211, 0.1669423479, 0.4553561682, 0.4197786550, 0.1656414490, 0.3504575239, 0.6248180039, 0.5074304377, 0.2577358154, 0.1233839764, 0.1022985665, 0.0000000000, 0.0000000000, 0.0000000000
 0.0000000000, 0.7492927357, 0.7116074211, 0.6437710308, 0.4706875674, 0.2156013962, 0.0000000000, 0.0000000000, 0.0000000000, 0.0000000000, 0.0000000000, 0.0000000000, 0.0000000000, 0.0000000000, 0.0000000000, 0.0000000000, 0.0000000000, 0.0000000000, 0.0000000000, 0.0000000000, 0.0000000000, 0.0000000000, 0.0949557193, 0.0902687969, 0.0287768549, 0.2536217692, 0.6554633077, 0.5088657085, 0.4874545946, 0.6022254409, 0.5497936032, 0.5536676485, 0.4275784475, 0.5792115434, 0.8049118043, 0.5246406372, 0.1687918317, 0.0000000000, 0.0000000000, 0.0000000000, 0.0000000000, 0.0000000000
 0.0000000000, 0.7134254739, 0.7238588767, 0.6926004153, 0.5944758599, 0.5713199442, 0.4951138570, 0.2078795759, 0.1056896522, 0.0805057271, 0.0000000000, 0.0000000000, 0.0000000000, 0.0000000000, 0.0000000000, 0.0000000000, 0.0000000000, 0.0000000000, 0.0000000000, 0.0000000000, 0.0004876758, 0.0009028927, 0.0000000000, 0.0000000000, 0.0000000000, 0.0000000000, 0.3329846113, 0.5043701161, 0.5086105837, 0.8504696770, 0.9643055441, 0.8311222265, 0.8404237616, 0.7741826366, 0.6866438279, 0.5642173979, 0.3457128356, 0.1460231170, 0.0000000000, 0.0000000000, 0.0000000000, 0.0000000000
 0.0000000000, 0.5341421809, 0.5189269899, 0.4346332408, 0.3516277807, 0.2749994988, 0.1200544930, 0.0000000000, 0.0000000000, 0.0000000000, 0.0000000000, 0.0000000000, 0.0000000000, 0.0000000000, 0.0000000000, 0.0000000000, 0.0000000000, 0.0000000000, 0.0000000000, 0.0000000000, 0.0000000000, 0.0000000000, 0.0000000000, 0.0000000000, 0.0000000000, 0.3555113727, 0.2071314156, 0.2781438597, 0.4778500380, 0.6430564196, 0.7473773503, 0.7720502687, 0.7229844619, 0.6242751302, 0.4941349608, 0.3878425444, 0.3769611679, 0.0000000000, 0.0000000000, 0.0000000000, 0.0000000000, 0.0000000000
 0.0000000000, 0.2759611810, 0.2553090363, 0.2142766249, 0.1375481729, 0.2966159186, 0.2537135098, 0.0000000000, 0.0000000000, 0.0000000000, 0.0000000000, 0.0000000000, 0.0000000000, 0.0000000000, 0.0000000000, 0.0000000000, 0.0000000000, 0.0000000000, 0.0000000000, 0.0000000000, 0.0000000000, 0.0357521668, 0.0496420831, 0.0709506558, 0.0000000000, 0.1683933403, 0.2532747019, 0.4555746316, 0.5793825014, 0.5718747855, 0.6831804117, 0.7013466046, 0.6443145685, 0.5782425619, 0.3926314142, 0.0000000000, 0.0000000000, 0.0000000000, 0.0000000000, 0.0000000000, 0.0000000000, 0.0000000000
 0.0000000000, 0.0000000000, 0.0000000000, 0.0000000000, 0.0000000000, 0.1376361710, 0.3492492225, 0.0000000000, 0.0000000000, 0.0000000000, 0.0000000000, 0.0000000000, 0.0000000000, 0.0000000000, 0.0000000000, 0.0000000000, 0.0000000000, 0.0000000000, 0.0000000000, 0.0000000000, 0.0000000000, 0.0714773085, 0.1166212684, 0.0849167033, 0.1566044730, 0.2796667873, 0.4274586594, 0.7626036459, 0.9735724243, 0.9788918830, 0.9735464334, 0.8974459283, 0.8437947289, 0.7038816149, 0.5003012009, 0.3866381404, 0.0000000000, 0.0000000000, 0.0000000000, 0.0000000000, 0.0000000000, 0.0000000000
 0.0000000000, 0.0000000000, 0.0000000000, 0.0000000000, 0.0000000000, 0.1615414171, 0.4690043696, 0.0000000000, 0.0000000000, 0.0000000000, 0.0000000000, 0.0000000000, 0.0000000000, 0.0000000000, 0.0000000000, 0.0000000000, 0.0000000000, 0.0000000000, 0.0000000000, 0.0000000000, 0.0000000000, 0.1930789693, 0.0000000000, 0.2278445443, 0.5542654497, 0.7332789522, 0.9788334861, 1.2070478397, 1.2740452669, 1.3915887941, 1.4727757933, 1.3998246341, 1.2562198686, 0.9115415248, 0.7139952767, 0.5690276176, 0.4700845657, 0.3395655766, 0.0000000000, 0.0000000000, 0.0000000000, 0.0000000000
 0.0000000000, 0.0000000000, 0.0000000000, 0.0000000000, 0.0000000000, 0.0000000000, 0.0000000000, 0.0000000000, 0.0000000000, 0.0000000000, 0.0000000000, 0.0000000000, 0.0000000000, 0.0000000000, 0.0000000000, 0.0000000000, 0.0000000000, 0.0000000000, 0.0000000000, 0.0000000000, 0.0000000000, 0.0000000000, 0.1656156279, 0.4696754882, 0.7171111333, 1.2528399320, 1.8941747078, 2.0572120026, 1.8950942245, 2.0106738993, 2.2173149841, 2.2376115635, 1.7584001993, 1.2699537925, 1.0716501695, 0.7715322261, 0.6554384366, 0.4849912357, 0.2404209854, 0.0815693074, 0.0000000000, 0.0000000000
 0.0000000000, 0.0000000000, 0.0000000000, 0.0000000000, 0.0000000000, 0.0000000000, 0.0000000000, 0.0000000000, 0.0000000000, 0.0000000000, 0.0000000000, 0.0000000000, 0.0000000000, 0.0000000000, 0.0000000000, 0.0000000000, 0.0000000000, 0.0000000000, 0.0000000000, 0.0000000000, 0.0000000000, 0.0000000000, 0.1207413424, 0.9517705775, 1.6772369756, 1.9228894743, 2.8378376838, 3.3543998285, 3.0583799738, 3.1875644945, 2.9583427754, 2.4023535280, 2.2972935458, 2.1225892075, 1.6548292261, 1.0909185488, 1.1894328301, 1.3449807771, 0.5011050383, 0.0000000000, 0.0000000000, 0.0000000000
 0.0000000000, 0.0000000000, 0.0000000000, 0.0000000000, 0.0000000000, 0.0000000000, 0.1187018774, 0.1284410978, 0.0000000000, 0.0000000000, 0.0000000000, 0.0000000000, 0.0000000000, 0.0000000000, 0.0000000000, 0.0000000000, 0.0000000000, 0.0000000000, 0.0000000000, 0.0000000000, 0.0000000000, 0.0000000000, 0.0000000000, 0.0000000000, 1.0059926900, 2.3792546441, 2.3849731113, 2.1974109936, 3.4109589313, 5.0498342366, 5.2462313608, 4.7192509332, 4.2630078577, 3.2445168449, 2.3805457641, 1.9874849225, 1.9758744764, 2.5565414310, 1.3204697089, 0.0000000000, 0.0000000000, 0.0000000000
 0.0000000000, 0.2505206820, 0.2345124255, 0.0000000000, 0.0000000000, 0.0000000000, 0.0947779936, 0.0952597494, 0.0000000000, 0.0000000000, 0.0000000000, 0.0000000000, 0.0000000000, 0.0000000000, 0.0000000000, 0.0000000000, 0.0000000000, 0.0000000000, 0.0000000000, 0.0000000000, 0.0000000000, 0.1206262593, 0.1924698294, 0.1158635509, 0.7105577847, 1.8388866494, 2.3516474589, 2.3842749267, 3.6504890476, 4.9652767711, 4.8839826103, 4.9130543885, 4.2170841820, 2.8222584281, 2.0475836795, 2.3082356020, 2.2629309683, 1.6941551050, 0.6894503815, 0.0000000000, 0.0000000000, 0.0000000000
 0.0000000000, 0.2292173285, 0.2277665701, 0.0000000000, 0.0000000000, 0.0000000000, 0.0000000000, 0.0000000000, 0.0000000000, 0.0000000000, 0.0000000000, 0.0000000000, 0.0000000000, 0.0000000000, 0.0000000000, 0.0000000000, 0.0000000000, 0.0000000000, 0.0000000000, 0.0000000000, 0.0000000000, 0.0000000000, 0.1006895968, 0.4377754331, 0.6464860254, 0.8225107332, 1.2978817918, 1.7077518718, 2.7752405364, 3.8842109414, 4.1192386501, 4.0236028455, 3.1315246496, 2.5141016442, 2.2299427172, 1.9569110246, 1.5741839719, 1.3294633167, 1.0319893127, 0.3377963690, 0.0000000000, 0.0000000000
 0.0000000000, 0.3013082342, 0.2434945177, 0.0000000000, 0.0000000000, 0.3124853773, 0.2815240146, 0.0000000000, 0.0000000000, 0.0000000000, 0.0000000000, 0.0000000000, 0.0000000000, 0.0000000000, 0.0000000000, 0.0000000000, 0.0000000000, 0.0000000000, 0.0000000000, 0.0000000000, 0.0000000000, 0.0000000000, 0.0529709926, 0.2598330230, 0.5858423552, 0.6275119823, 0.8832799829, 1.2750916475, 1.8996220497, 2.8241668415, 2.9590798010, 2.6203883936, 2.1021328951, 1.6716535847, 1.3739825454, 1.1412391521, 0.9718918351, 0.9266731817, 0.9772331182, 0.4902541458, 0.0000000000, 0.0000000000
 0.0000000000, 0.3360363564, 0.2912501390, 0.2175357486, 0.0955376826, 0.2458859075, 0.4332851770, 0.2478817139, 0.0000000000, 0.0000000000, 0.0000000000, 0.0000000000, 0.0000000000, 0.0000000000, 0.0000000000, 0.0000000000, 0.0000000000, 0.0000000000, 0.0000000000, 0.0000000000, 0.0000000000, 0.0000000000, 0.0711506866, 0.2967110227, 0.7623431337, 1.1703551831, 1.5470037804, 1.8034610727, 2.4719432934, 2.8242105070, 2.6875987137, 2.5114494840, 2.0413998767, 1.5316233837, 1.1983240377, 1.0068334279, 0.8787538797, 0.7820959691, 0.7436174318, 0.4441320039, 0.0000000000, 0.0000000000
 0.0000000000, 0.3656292896, 0.3283562643, 0.2523891923, 0.1676905390, 0.2906580889, 0.3949432530, 0.2633687760, 0.0000000000, 0.0000000000, 0.0000000000, 0.0000000000, 0.0000000000, 0.0000000000, 0.0000000000, 0.0000000000, 0.0000000000, 0.0000000000, 0.0000000000, 0.0000000000, 0.0000000000, 0.0000000000, 0.2640435346, 0.5219926850, 0.8024600114, 0.8040278557, 0.9486207355, 1.5731571477, 2.2641110057, 2.2834981901, 2.3390799042, 2.5075366646, 2.2428668084, 1.6161487235, 1.0750403682, 0.9149248735, 0.8189364983, 0.6120293714, 0.5602385824, 0.4335401487, 0.0000000000, 0.0000000000
 0.0000000000, 0.4432851163, 0.3855215010, 0.3257815694, 0.1179375063, 0.2926014357, 0.5147969299, 0.1582369094, 0.0000000000, 0.0000000000, 0.0000000000, 0.0000000000, 0.0000000000, 0.0000000000, 0.0000000000, 0.0000000000, 0.0000000000, 0.0000000000, 0.0000000000, 0.0000000000, 0.0000000000, 0.0000000000, 0.1774170757, 0.5745432765, 0.9212745922, 1.2972476196, 1.8085100429, 1.9344848693, 2.5311228816, 3.0231928302, 2.9473058985, 2.6623658334, 2.0442461087, 1.4297924741, 1.2252231045, 1.0021788576, 0.8727570056, 0.8580955342, 0.8705436779, 0.6933233803, 0.0000000000, 0.0000000000
 0.0000000000, 0.6281701470, 0.5178789544, 0.3995967609, 0.1643602931, 0.2725572241, 0.5002746672, 0.1670889885, 0.0000000000, 0.0000000000, 0.0000000000, 0.0000000000, 0.0000000000, 0.0000000000, 0.0000000000, 0.0000000000, 0.0000000000, 0.0000000000, 0.0000000000, 0.0000000000, 0.0000000000, 0.0000000000, 0.2762396150, 0.8861749805, 1.3167429182, 1.8123145823, 2.4313284885, 2.5398759386, 3.4546754165, 3.8954139599, 3.0394097352, 2.8107063275, 2.5263096609, 2.0262743365, 1.4135996742, 1.0136804695, 0.9191797448, 0.8031305462, 0.7896292591, 0.5503352265, 0.0000000000, 0.0000000000
 0.0000000000, 1.1111629660, 1.0164356661, 0.7455649455, 0.5774819905, 0.7069913451, 0.9133845403, 0.6620914148, 0.2362406827, 0.0000000000, 0.0000000000, 0.0000000000, 0.0000000000, 0.0000000000, 0.0000000000, 0.0000000000, 0.0000000000, 0.0000000000, 0.0000000000, 0.0000000000, 0.0000000000, 0.0000000000, 0.0000000000, 0.4618421886, 1.2577409446, 1.3402665402, 1.6636326695, 2.6905431973, 3.5004502815, 3.2507951789, 3.7307778018, 3.8350760186, 4.2125694728, 4.4819618567, 2.2404163598, 1.0615751653, 1.0418961449, 0.9209022230, 0.8334799440, 0.5415944294, 0.0000000000, 0.0000000000
 0.0000000000, 0.0000000000, 0.6058944882, 0.8290271052, 0.6968467115, 0.8234877202, 1.2490556316, 1.1011890552, 0.4090302448, 0.0000000000, 0.0000000000, 0.0000000000, 0.0000000000, 0.0000000000, 0.0000000000, 0.0000000000, 0.0000000000, 0.0000000000, 0.0000000000, 0.0000000000, 0.0000000000, 0.0000000000, 0.0000000000, 0.5220797712, 1.4936680250, 2.4689686788, 3.8373161638, 4.3668568827, 5.4149338131, 6.2825144001, 6.3547796871, 5.6759714063, 3.1199226576, 2.0929355572, 1.8383381238, 1.4058694706, 1.2697620755, 1.1989280469, 1.2619793866, 0.9650553044, 0.0000000000, 0.0000000000
 0.0000000000, 1.3698088798, 1.3559984180, 1.2112563300, 0.7258443825, 1.0288768636, 1.8246923526, 1.5177033800, 0.9314312703, 0.0000000000, 0.0000000000, 0.0000000000, 0.0000000000, 0.0000000000, 0.0000000000, 0.0000000000, 0.0000000000, 0.0000000000, 0.0000000000, 0.0000000000, 0.0000000000, 0.0000000000, 0.0000000000, 0.3016649520, 2.9536492586, 5.6633932996, 5.8662406294, 6.6902511952, 9.2560691217,13.4396853392,12.2071798963,11.4339840067, 8.1935567744, 1.3762319046, 2.1362568990, 2.2562056918, 1.7313517401, 1.6478523971, 1.6888841208, 1.2246255492, 0.0000000000, 0.0000000000
 0.0000000000, 1.5045651479, 1.3534659253, 0.9822677243, 0.6240208347, 1.2647160304, 2.4749032297, 1.7967283337, 1.0168531500, 0.0000000000, 0.0000000000, 0.0000000000, 0.0000000000, 0.0000000000, 0.0000000000, 0.0000000000, 0.0000000000, 0.0000000000, 0.0000000000, 0.0000000000, 0.0000000000, 0.0000000000, 0.0000000000, 0.4331649906, 3.8601674808, 7.2994968716, 8.4559421337, 9.7711385206,12.5673475740,16.7523525988,13.0617331682,14.1728699725,10.9285803148, 1.3590528871, 2.6180794081, 2.2737996868, 1.2818312548, 1.4154331023, 1.5357954493, 1.0809894555, 0.0000000000, 0.0000000000
 0.0000000000, 1.2500803874, 1.3500250299, 1.0427870836, 0.3914682081, 0.9192745592, 2.7983535073, 3.1318356509, 2.7792228124, 0.0000000000, 0.0000000000, 0.0000000000, 0.0000000000, 0.0000000000, 0.0000000000, 0.0000000000, 0.0000000000, 0.0000000000, 0.0000000000, 0.0000000000, 0.0000000000, 0.2909814063, 0.4931787019, 2.0942894546, 5.8772456115,10.2855413998,10.0395552535,11.5536024136,13.4389773971,13.1877942794,13.9395443915,14.0097262723,15.2355895339, 8.5132010475, 0.0000000000, 1.8312122994, 2.3240113901, 2.2145297418, 2.1125517718, 1.5409784843, 0.0000000000, 0.0000000000
 0.0000000000, 1.2517087638, 1.1729437483, 1.2162895741, 0.7302724318, 1.8185148554, 4.2828048028, 3.6777386378, 0.9904495509, 0.0000000000, 0.0000000000, 0.0000000000, 0.0000000000, 0.0000000000, 0.0000000000, 0.0000000000, 0.0000000000, 0.0000000000, 0.0000000000, 0.0000000000, 0.0000000000, 0.0000000000, 0.0000000000, 0.7173412338, 4.2007960239, 9.3979949804,14.2443453931,15.9253116283,15.5709861796,16.1073184471,16.2547337539,14.1336581125,16.6482941616,12.2127291142, 1.6161471199, 2.5636581457, 3.0410547498, 2.8862518592, 2.6721375688, 1.6517499348, 0.0000000000, 0.0000000000
 0.0000000000, 1.2445137820, 1.6752197468, 1.8157552360, 0.8660684276, 1.3077000774, 5.2146162453, 6.7074689840, 4.2353788909, 0.0000000000, 0.0000000000, 0.0000000000, 0.0000000000, 0.0000000000, 0.0000000000, 0.0000000000, 0.0000000000, 0.0000000000, 0.0000000000, 0.0000000000, 0.0000000000, 0.0000000000, 0.0000000000, 0.0000000000, 5.9307539929,12.6556059871,11.3065329251,11.1344148798,10.6172008105,10.7134941948,10.5008826479, 9.8390363899, 8.5473242224,10.0830932593, 9.4826236628, 5.2462958289, 5.5401045459, 6.8814220579, 6.2122254741, 3.1598492286, 0.0000000000, 0.0000000000
 0.0000000000, 1.4041567622, 1.7260224410, 2.0162529766, 1.1350777653, 1.7788061386, 7.7606066440, 8.4687760083, 2.4025477404, 0.0000000000, 0.0000000000, 0.0000000000, 0.0000000000, 0.0000000000, 0.0000000000, 0.0000000000, 0.0000000000, 0.0000000000, 0.0000000000, 0.0000000000, 0.0000000000, 0.0000000000, 0.0000000000, 2.1494139912,14.2464989788,21.2483806360,14.4205102095,10.2863934786,10.1522072432,10.8211389901,10.6666146848, 9.9153169713,10.6939288490,11.7161451877,14.5244362955,12.9783174429, 9.3432263509, 7.0153066461, 5.9910354859, 3.5192027988, 0.0000000000, 0.0000000000
 0.0000000000, 3.0749876331, 2.5162879161, 2.1607661310, 1.0819125675, 3.0055224302,11.4749705473,17.8500410344, 8.7878490601, 0.0000000000, 0.0000000000, 0.0000000000, 0.0000000000, 0.0000000000, 0.0000000000, 0.0000000000, 0.0000000000, 0.0000000000, 0.0000000000, 0.0000000000, 0.0000000000, 0.0000000000, 0.0000000000, 0.0000000000, 5.1075946837,10.8919375069,11.4235196547, 9.3020748506, 7.2297431040, 5.6855240996, 5.7271993817, 5.2100567058, 5.4086478377, 8.7018677605, 9.7947513545, 3.3075918374, 6.8542910193, 8.7368993491,10.3025700378, 7.8799895447, 0.0000000000, 0.0000000000
 0.0000000000, 3.4517884032, 3.8035424150, 3.8823404809, 3.5772184498, 3.5482520870,10.6473305246,16.9060698268,11.7785301896, 0.0000000000, 0.0000000000, 0.0000000000, 0.0000000000, 0.0000000000, 0.0000000000, 0.0000000000, 0.0000000000, 0.0000000000, 0.0000000000, 0.0000000000, 0.0000000000, 0.0000000000, 0.0000000000, 0.0000000000, 2.1321080774, 5.8062471735, 6.8529711334, 6.5116930241, 6.1150637803, 5.6847701223, 5.6713822478, 4.6793203188, 4.2424249560, 6.6962006096, 9.4176944235,12.8900227752,11.3524720679,14.6878173778,19.3173268200, 0.0000000000, 0.0000000000, 0.0000000000
 0.0000000000, 5.8610893918, 5.2631629231, 4.7744290089, 4.7545555448, 6.4886054110,13.4989787772,16.9816513460,16.2731992220, 0.0000000000, 0.0000000000, 0.0000000000, 0.0000000000, 0.0000000000, 0.0000000000, 0.0000000000, 0.0000000000, 0.0000000000, 0.0000000000, 0.0000000000, 0.0000000000, 0.0000000000, 1.0974511701, 0.0000000000, 3.5536063657, 7.8441534760, 7.4310811656, 7.5107780628, 7.5806484496, 7.7094004037, 7.8365325098, 6.3433810268, 6.4696256185, 6.7667484618, 7.0313639688,11.8660129283,13.5573366046,14.6064112960,20.4340252464, 0.0000000000, 0.0000000000, 0.0000000000
 0.0000000000, 6.6232555231,10.3416749243, 9.2370986850, 0.0000000000, 6.9677957403,20.9882639391,26.9130093553,24.5835124886, 3.0717076602, 0.0000000000, 0.0000000000, 0.0000000000, 0.0000000000, 0.0000000000, 0.0000000000, 0.0000000000, 0.0000000000, 0.0000000000, 0.0000000000, 0.0000000000, 0.0000000000, 0.0000000000, 0.0000000000, 3.4614389669, 5.4344996483, 4.6897210310, 4.9831547888, 4.8625580989, 5.0130502071, 5.2250780700, 4.7762847433, 4.8931228415, 5.0631212126, 4.7008151835, 6.5835988563,10.0178403229,10.3671108809,10.2284434006, 8.7803371524, 0.0000000000, 0.0000000000
 0.0000000000,17.4405775929,21.7600456769,20.0401463140, 7.9991162020, 5.7572318155,10.9734859971,13.4855791275,16.9257555315, 1.5269603977, 0.0000000000, 0.0000000000, 0.0000000000, 0.0000000000, 0.0000000000, 0.0000000000, 0.0000000000, 0.0000000000, 0.0000000000, 0.0000000000, 0.0000000000, 0.0000000000, 0.0000000000, 0.0000000000, 4.1873773271, 4.5958183536, 4.1661446225, 3.9990776175, 3.6052339617, 4.1701295322, 5.3634017031, 4.6882984138, 4.1551342762, 3.9374825346, 3.5846639141, 6.3273797168, 9.7035613747,11.7168872989,14.6361172963, 0.0000000000, 0.0000000000, 0.0000000000
 0.0000000000,11.3704482216,15.2213970628,18.1213751325,24.0317300178, 0.0000000000, 6.2754847882,12.7912880194,11.7241336906, 1.0118426802, 0.0000000000, 0.0000000000, 0.0000000000, 0.0000000000, 0.0000000000, 0.0000000000, 0.0000000000, 0.0000000000, 0.0000000000, 0.0000000000, 0.0000000000, 0.0000000000, 0.0000000000,10.7067906432,14.6076828812,10.8688893647,10.5652657577, 9.2968521020, 8.3485376620, 9.1553999208, 9.8736854013, 9.8011760424, 8.6763823033, 9.0474836844,11.1611204215,13.1295529304,13.2348048323,14.9537618193,19.4921229470, 0.0000000000, 0.0000000000, 0.0000000000
 0.0000000000,10.1847140654,10.0472695826,11.8798797136,15.7846326848,15.4014981242,23.8804516589,23.4411531764,19.7650861751, 3.9318351953, 0.0000000000, 0.0000000000, 0.0000000000, 0.0000000000, 0.0000000000, 0.0000000000, 0.0000000000, 0.0000000000, 0.0000000000, 0.0000000000, 0.0000000000, 0.0000000000, 2.7048430022, 6.2638659930, 7.0552438708, 7.4144242860, 8.5951252546, 9.7856269762, 9.1131422676, 8.6319865389, 8.1743640133, 8.0060289869, 8.2437046705, 8.0034711324, 8.4004034793, 9.8797835616, 9.7603647994,10.2014053055,12.1301928616, 0.0000000000, 0.0000000000, 0.0000000000
 0.0000000000,14.8877419127,12.7232376089, 8.0489406619, 4.6216937016, 5.8873116861,12.2129082126,15.4453795359,15.4922489743, 7.2076634297, 0.0000000000, 0.0000000000, 0.0000000000, 0.0000000000, 0.0000000000, 0.0000000000, 0.0000000000, 0.0000000000, 0.0000000000, 0.0000000000, 0.0000000000, 0.0000000000, 0.3840236902, 3.2821636545, 6.6825775906, 5.7860025586, 5.8381118302, 5.8441849678, 6.0101938123, 5.4857594560, 5.4235941552, 6.3485329501, 6.6841183048, 6.8249793802, 6.7068045371, 6.9815916783, 7.5221042458, 8.5498600830, 9.2255569708, 7.9076675286, 0.0000000000, 0.0000000000
 0.0000000000,23.4041492541,29.7135047710,26.4914348535,20.0647113003,13.5865516003, 8.1058184069, 5.9112210979, 5.3589767361, 3.1227701119, 1.8020945726, 0.7988549515, 0.2002151188, 0.0319126249, 0.0000000000, 0.0000000000, 0.0000000000, 0.0000000000, 0.0000000000, 0.0022846974, 0.0749569584, 0.3393451209, 1.0103574036, 5.6746278221,13.2049781938,15.1295346409,14.1301212448,13.6535446021,13.3894247512,13.7679677458,14.2627979927,15.0066330218,15.3629503929,15.8500972734,16.4018671466,16.1432941078,16.9718331414,18.0123450642,18.2536853382,18.2267494721, 0.0000000000, 0.0000000000
 0.0000000000,22.1881397823,32.9530203155,34.0592907238,34.0307174463,32.3766481006,19.0346388875, 9.8441815861,23.1679936131, 7.4442095497, 4.0045642403, 1.3895576154, 0.2263251800, 0.0000000000, 0.0000000000, 0.0000000000, 0.0000000000, 0.0000000000, 0.0000000000, 0.0000000000, 0.0523569060, 0.4455917544, 1.3385054126, 3.8462488182,14.8949010365,28.5969415377,28.0864051126,27.1104016076,27.8480011086,27.2499585108,26.5637953922,28.6607150730,30.4128795153,29.2543845949,29.5378083503,29.7706097822,28.2470862219,28.0471764006,27.1535668881,25.6428255879, 0.0000000000, 0.0000000000
 0.0000000000,13.9582653337,17.5038899667,18.9865390079,22.0199357639,23.9375585797,18.2293357570,12.9681337879,37.3895937147,12.3778344502, 9.1618474302, 3.8246985802, 0.4350864660, 0.0000000000, 0.0000000000, 0.0000000000, 0.0000000000, 0.0000000000, 0.0000000000, 0.0000000000, 0.0137956497, 0.1635089551, 0.9191838250, 3.1973073912,10.9500214912,23.6146342941,28.1720629532,28.1065655072,26.6925699241,26.0894138012,26.7662263266,27.0969379501,26.7195556948,26.8249421227,25.8875437592,23.0809477509,21.4935168582,19.2779228817,17.0104355293,15.5185151776, 0.0000000000, 0.0000000000
 0.0000000000, 8.3885550468, 7.7099905353, 7.8378119765, 9.6484983701, 8.1234921562, 7.2552181295,10.3479447725,25.0397174251, 8.9810547367, 6.6697649934, 2.8574207593, 0.6477995529, 0.0884613448, 0.0000000000, 0.0000000000, 0.0000000000, 0.0000000000, 0.0000000000, 0.0000000000, 0.0000000000, 0.0000000000, 1.1559339963, 3.0021378562, 4.8723360285, 9.3095793466,12.7568078147,12.0948411824,12.7407511294,12.7280555548,11.8794839963,11.7836198453,12.0696624183,11.2281651236,10.2166115259, 8.9942210177, 8.0502549235, 7.6163150454, 6.6244641299, 5.9479067897, 0.0000000000, 0.0000000000
 0.0000000000,11.7390651410,13.3912807156,10.7350512831, 7.7907667468, 6.6819308340,10.4070588247,12.2342477393,10.5032426923, 8.0735942223, 3.7159924453, 0.7321268268, 0.2847196077, 0.0660940301, 0.0196229704, 0.0000000000, 0.0000000000, 0.0000000000, 0.0000000000, 0.0000000000, 0.0000000000, 0.2861415104, 1.7381020650, 2.5087184985, 2.9081653381, 5.5809719135, 8.5642783216, 9.3999739494, 9.0984638293, 9.2118384756, 9.6493508121,10.0237475101, 9.2577079041, 8.9577034481, 9.2929589060, 8.0149652348, 8.0758149885, 9.7721072807, 9.3454408640, 7.6442860858, 0.0000000000, 0.0000000000
 0.0000000000,23.4703165517,32.1316573810,28.3783062296,21.1240338853,16.3791559960,17.1251695131,16.9403983486,19.1739938322,12.7301294164, 5.7065509861, 0.7023370000, 0.0000000000, 0.0000000000, 0.0000000000, 0.0000000000, 0.0000000000, 0.0000000000, 0.0000000000, 0.0000000000, 0.0000000000, 0.2696970325, 2.1457236814, 7.3487711084,15.5492451712,18.7561528620,19.0763219418,22.8152125574,22.5773991560,21.6756411519,20.9304968157,20.9006651639,21.5610166121,22.1213988426,23.0834855388,22.3521281165,20.0240379101,20.4015528611,21.9827337853,20.5964317199, 0.0000000000, 0.0000000000
 0.0000000000,22.4429696926,40.8605149931,49.0323738426,43.3738874839,38.5435066860,40.8107538303,45.2317767511,45.6386899997,36.8794660670,24.5809365065,10.0493156962, 1.8827374941, 0.0000000000, 0.0000000000, 0.0000000000, 0.0000000000, 0.0000000000, 0.0000000000, 0.0000000000, 0.0000000000, 0.5007264084, 6.4621960180,28.1334453867,56.0652744114,57.4822125832,49.5472819603,46.3295697284,46.5200941690,47.1821559189,47.5983614229,47.5365241101,46.1992082869,43.8386167530,42.8601418241,43.4053606782,43.6666830673,42.3780819228,38.2658174759,35.1724118976, 0.0000000000, 0.0000000000
 0.0000000000,19.5155609535,30.3764377637,33.4187441471,36.2916317975,34.8713236550,33.9896936447,47.9566930359,68.6077644790,62.3989945801,43.5523290117,13.5830921283, 0.0000000000, 0.0000000000, 0.0000000000, 0.0000000000, 0.0000000000, 0.0000000000, 0.0000000000, 0.0000000000, 0.0000000000, 0.6666254841, 9.5397845750,27.8497766267,44.3061054531,56.6034171571,58.7754571113,56.5811125655,54.6534882947,52.5656459047,50.0380377257,48.1816343854,48.2210201337,49.2513014636,48.6871661399,45.3358056223,39.8538416649,35.1274818543,33.3758360948,32.4383331226, 0.0000000000, 0.0000000000
