 0.00000000, 0.00000000, 0.00000000, 0.00000000, 0.00000000, 0.00000000, 0.00000000, 0.00000000, 0.00000000, 0.00000000, 0.00000000, 0.00000000, 0.00000000, 0.00000000, 0.00000000, 0.00000000, 0.00000000, 0.00000000, 0.00000000, 0.00000000, 0.00000000, 0.00000000, 0.00000000, 0.00000000, 0.00000000, 0.00000000, 0.00000000, 0.00000000, 0.00000000, 0.00000000, 0.00000000, 0.00000000, 0.00000000, 0.00000000, 0.00000000, 0.00000000, 0.00000000, 0.00000000, 0.00000000, 0.00000000, 0.00000000, 0.00000000, 0.00000000, 0.00000000, 0.00000000
 0.00000000, 0.00000000, 0.00000000, 0.00000000, 0.00000000, 0.00000000, 0.00000000, 0.00000000, 0.00000000, 0.00000000, 0.00000000, 0.00000000, 0.00000000, 0.00000000, 0.00000000, 0.00000000, 0.00000000, 0.00000000, 0.00000000, 0.00000000, 0.00000000, 0.00000000, 0.00000000, 0.00000000, 0.00000000, 0.00000000, 0.00000000, 0.00000000, 0.00000000, 0.00000000, 0.00000000, 0.00000000, 0.00000000, 0.00000000, 0.00000000, 0.00000000, 0.00000000, 0.00000000, 0.00000000, 0.00000000, 0.00000000, 0.00000000, 0.00000000, 0.00000000, 0.00000000
 0.00000000, 0.00000000, 0.00000000, 0.00000000, 0.00000000, 0.00000000, 0.00000000, 0.00000000, 0.00000000, 0.00000000, 0.00000000, 0.00000000, 0.00000000, 0.00000000, 0.00000000, 0.00000000, 0.00000000, 0.00000000, 0.00000000, 0.00000000, 0.00000000, 0.00000000, 0.00000000, 0.00000000, 0.00000000, 0.00000000, 0.00000000, 0.00000000, 0.00000000, 0.00000000, 0.00000000, 0.00000000, 0.00000000, 0.00000000, 0.00000000, 0.00000000, 0.00000000, 0.00000000, 0.00000000, 0.00000000, 0.00000000, 0.00000000, 0.00000000, 0.00000000, 0.00000000
 0.00000000, 0.00000000, 0.00000000, 0.00000000, 0.00000000, 0.00000000, 0.00000000, 0.00000000, 0.00000000, 0.00000000, 0.00000000, 0.00000000, 0.00000000, 0.00000000, 0.00000000, 0.00000000, 0.00000000, 0.00000000, 0.00000000, 0.00000000, 0.00000000, 0.00000000, 0.00000000, 0.00000000, 0.00000000, 0.00000000, 0.00000000, 0.00000000, 0.00000000, 0.00000000, 0.00000000, 0.00000000, 0.00000000, 0.00000000, 0.00000000, 0.00000000, 0.00000000, 0.00000000, 0.00000000, 0.00000000, 0.00000000, 0.00000000, 0.00000000, 0.00000000, 0.00000000
 0.00000000, 0.00000000, 0.00000000, 0.00000000, 0.00000000, 0.00000000, 0.00000000, 0.00000000, 0.00000000, 0.00000000, 0.00000000, 0.00000000, 0.00000000, 0.00000000, 0.00000000, 0.00000000, 0.00000000, 0.00000000, 0.00000000, 0.00000000, 0.00000000, 0.00000000, 0.00000000, 0.00000000, 0.00000000, 0.00000000, 0.00000000, 0.00000000, 0.00000000, 0.00000000, 0.00000000, 0.00000000, 0.00000000, 0.00000000, 0.00000000, 0.00000000, 0.00000000, 0.00000000, 0.00000000, 0.00000000, 0.00000000, 0.00000000, 0.00000000, 0.00000000, 0.00000000
 0.00000000, 0.00000000, 0.00000000, 0.00000000, 0.00000000, 0.00000000, 0.00000000, 0.00000000, 0.00000000, 0.00000000, 0.00000000, 0.00000000, 0.00000000, 0.00000000, 0.00000000, 0.00000000, 0.00000000, 0.00000000, 0.00000000, 0.00000000, 0.00000000, 0.00000000, 0.00000000, 0.00000000, 0.00000000, 0.00000000, 0.00000000, 0.00000000, 0.00000000, 0.00000000, 0.00000000, 0.00000000, 0.00000000, 0.00000000, 0.00000000, 0.00000000, 0.00000000, 0.00000000, 0.00000000, 0.00000000, 0.00000000, 0.00000000, 0.00000000, 0.00000000, 0.00000000
 0.00000000, 0.00000000, 0.00000000, 0.00000000, 0.00000000, 0.00000000, 0.00000000, 0.00000000, 0.00000000, 0.00000000, 0.00000000, 0.00000000, 0.00000000, 0.00000000, 0.00000000, 0.00000000, 0.00000000, 0.00000000, 0.00000000, 0.00000000, 0.00000000, 0.00000000, 0.00000000, 0.00000000, 0.00000000, 0.00000000, 0.00000000, 0.00000000, 0.00000000, 0.00000000, 0.00000000, 0.00000000, 0.00000000, 0.00000000, 0.00000000, 0.00000000, 0.00000000, 0.00000000, 0.00000000, 0.00000000, 0.00000000, 0.00000000, 0.00000000, 0.00000000, 0.00000000
 0.00000000, 0.00000000, 0.00000000, 0.00000000, 0.00000000, 0.00000000, 0.00000000, 0.00000000, 0.00000000, 0.00000000, 0.00000000, 0.00000000, 0.00000000, 0.00000000, 0.00000000, 0.00000000, 0.00000000, 0.00000000, 0.00000000, 0.00000000, 0.00000000, 0.00000000, 0.00000000, 0.00000000, 0.00000000, 0.00000000, 0.00000000, 0.00000000, 0.00000000, 0.00000000, 0.00000000, 0.00000000, 0.00000000, 0.00000000, 0.00000000, 0.00000000, 0.00000000, 0.00000000, 0.00000000, 0.00000000, 0.00000000, 0.00000000, 0.00000000, 0.00000000, 0.00000000
 0.00000000, 0.00000000, 0.00000000, 0.00000000, 0.00000000, 0.00000000, 0.00000000, 0.00000000, 0.00000000, 0.00000000, 0.00000000, 0.00000000, 0.00000000, 0.00000000, 0.00000000, 0.00000000, 0.00000000, 0.00000000, 0.00000000, 0.00000000, 0.00000000, 0.00000000, 0.00000000, 0.00000000, 0.00000000, 0.00000000, 0.00000000, 0.00000000, 0.00000000, 0.00000000, 0.00000000, 0.00000000, 0.00000000, 0.00000000, 0.00000000, 0.00000000, 0.00000000, 0.00000000, 0.00000000, 0.00000000, 0.00000000, 0.00000000, 0.00000000, 0.00000000, 0.00000000
 0.00000000, 0.00000000, 0.00000000, 0.00000000, 0.00000000, 0.00000000, 0.00000000, 0.00000000, 0.12661642, 0.17198893, 0.00000000, 0.00000000, 0.00000000, 0.00000000, 0.00000000, 0.00000000, 0.00000000, 0.00000000, 0.00000000, 0.00000000, 0.00000000, 0.00000000, 0.00000000, 0.00000000, 0.00000000, 0.00000000, 0.00000000, 0.00000000, 0.00000000, 0.00000000, 0.00000000, 0.00000000, 0.00000000, 0.00000000, 0.00000000, 0.00000000, 0.00000000, 0.00000000, 0.00000000, 0.00000000, 0.00000000, 0.00000000, 0.00000000, 0.00000000, 0.00000000
 0.00000000, 0.00000000, 0.00000000, 0.00000000, 0.00000000, 0.00000000, 0.00000000, 0.06329588, 0.22712498, 0.28873790, 0.22828826, 0.17998313, 0.00000000, 0.00000000, 0.00000000, 0.00000000, 0.00000000, 0.00000000, 0.00000000, 0.00000000, 0.00000000, 0.00000000, 0.00000000, 0.00000000, 0.00000000, 0.20399147, 0.23667372, 0.25164863, 0.27059436, 0.28049744, 0.31223415, 0.37472079, 0.37157728, 0.28684503, 0.29368303, 0.25849936, 0.11632449, 0.00000000, 0.00000000, 0.00000000, 0.00000000, 0.00000000, 0.00000000, 0.00000000, 0.00000000
 0.00000000, 0.00000000, 0.00000000, 0.00000000, 0.00000000, 0.00000000, 0.00000000, 0.04490386, 0.20233510, 0.30691188, 0.25770223, 0.18923730, 0.00000000, 0.00000000, 0.00000000, 0.00000000, 0.00000000, 0.00000000, 0.00000000, 0.00000000, 0.00000000, 0.00000000, 0.00000000, 0.00000000, 0.00000000, 0.00000000, 0.13660220, 0.25482488, 0.34420134, 0.39330076, 0.38123460, 0.51518787, 0.63249628, 0.57250998, 0.62014363, 0.51154970, 0.11589292, 0.00000000, 0.00000000, 0.00000000, 0.00000000, 0.00000000, 0.00000000, 0.00000000, 0.00000000
 0.00000000, 0.00000000, 0.00000000, 0.00000000, 0.00000000, 0.00000000, 0.00000000, 0.05335792, 0.22124067, 0.33930340, 0.31883590, 0.19906840, 0.00000000, 0.00000000, 0.00000000, 0.00000000, 0.00000000, 0.00000000, 0.00000000, 0.00000000, 0.00000000, 0.00000000, 0.00000000, 0.00000000, 0.17702693, 0.10028206, 0.00000000, 0.12599643, 0.40234412, 0.61548329, 0.64030273, 0.80485498, 0.96774444, 0.87928492, 0.89606489, 0.84776079, 0.42416325, 0.14780769, 0.00000000, 0.00000000, 0.00000000, 0.00000000, 0.00000000, 0.00000000, 0.00000000
 0.00000000, 0.00000000, 0.00000000, 0.00000000, 0.00000000, 0.00000000, 0.00000000, 0.12997289, 0.29254747, 0.35286885, 0.34536148, 0.19064432, 0.08069856, 0.00000000, 0.00000000, 0.00000000, 0.00000000, 0.00000000, 0.00000000, 0.00000000, 0.00000000, 0.00000000, 0.00000000, 0.00000000, 0.25099448, 0.18519187, 0.00000000, 0.35230547, 0.80667740, 0.82081335, 0.79155218, 0.96809824, 1.20375618, 1.19003944, 1.12934891, 0.93096529, 0.41523461, 0.14455887, 0.00000000, 0.00000000, 0.00000000, 0.00000000, 0.00000000, 0.00000000, 0.00000000
 0.00000000, 0.00000000, 0.00000000, 0.00000000, 0.00000000, 0.00000000, 0.00000000, 0.09090935, 0.16890090, 0.18333707, 0.15937516, 0.10725942, 0.09092914, 0.00000000, 0.00000000, 0.00000000, 0.00000000, 0.00000000, 0.00000000, 0.00000000, 0.00000000, 0.00000000, 0.00000000, 0.00000000, 0.12068797, 0.36546162, 0.32994699, 0.39716026, 0.66276777, 0.70921742, 0.86571005, 1.08830403, 1.14836034, 1.20608548, 1.03042291, 0.72379001, 0.39936415, 0.20206536, 0.00000000, 0.00000000, 0.00000000, 0.00000000, 0.00000000, 0.00000000, 0.00000000
 0.00000000, 0.00000000, 0.00000000, 0.00000000, 0.00000000, 0.00000000, 0.00000000, 0.00000000, 0.00000000, 0.00000000, 0.00000000, 0.00000000, 0.00000000, 0.00000000, 0.00000000, 0.00000000, 0.00000000, 0.00000000, 0.00000000, 0.00000000, 0.00000000, 0.00000000, 0.00000000, 0.00000000, 0.10516589, 0.30130500, 0.33909333, 0.22071011, 0.28014391, 0.46750443, 0.42387339, 0.55421841, 0.80123917, 0.80601393, 0.72943190, 0.58737454, 0.37788974, 0.00000000, 0.00000000, 0.00000000, 0.00000000, 0.00000000, 0.00000000, 0.00000000, 0.00000000
 0.00000000, 0.00000000, 0.00000000, 0.00000000, 0.00000000, 0.00000000, 0.00000000, 0.00000000, 0.00000000, 0.00000000, 0.00000000, 0.00000000, 0.00000000, 0.00000000, 0.00000000, 0.00000000, 0.00000000, 0.00000000, 0.00000000, 0.00000000, 0.00000000, 0.00000000, 0.00000000, 0.00000000, 0.00000000, 0.00000000, 0.00000000, 0.00000000, 0.25965927, 0.31803674, 0.39088633, 0.52633486, 0.65594067, 0.65231561, 0.63882806, 0.54604654, 0.38679436, 0.27872905, 0.00000000, 0.00000000, 0.00000000, 0.00000000, 0.00000000, 0.00000000, 0.00000000
 0.00000000, 0.00000000, 0.00000000, 0.00000000, 0.00000000, 0.00000000, 0.00000000, 0.12443996, 0.16224729, 0.15096829, 0.22114225, 0.23720740, 0.00000000, 0.00000000, 0.00000000, 0.00000000, 0.00000000, 0.00000000, 0.00000000, 0.00000000, 0.00000000, 0.00000000, 0.00000000, 0.00000000, 0.00000000, 0.26950582, 0.32675752, 0.30649757, 0.27897381, 0.35135766, 0.52591579, 0.73652448, 0.88914882, 0.90740520, 0.93195143, 0.87115945, 0.57919156, 0.38282597, 0.35917765, 0.32825848, 0.00000000, 0.00000000, 0.00000000, 0.00000000, 0.00000000
 0.00000000, 0.24394282, 0.22804852, 0.23438733, 0.24585201, 0.21548196, 0.10200206, 0.18182132, 0.26365472, 0.26570595, 0.37755960, 0.38398964, 0.14141346, 0.01703012, 0.00000000, 0.00000000, 0.00000000, 0.00000000, 0.00000000, 0.00000000, 0.00000000, 0.00000000, 0.00000000, 0.13353792, 0.26788970, 0.46084160, 0.57993721, 0.67117136, 0.79405646, 0.89511020, 0.94320300, 1.15076649, 1.57612140, 1.65902195, 1.65903298, 1.50092138, 0.99974712, 0.65749503, 0.57517796, 0.46634387, 0.16129581, 0.00000000, 0.00000000, 0.00000000, 0.00000000
 0.00000000, 0.42300354, 0.38255463, 0.36100571, 0.34775964, 0.32624239, 0.24983420, 0.24416014, 0.24903671, 0.20179928, 0.45248953, 0.59349119, 0.20647936, 0.00000000, 0.00000000, 0.00000000, 0.00000000, 0.00000000, 0.28507003, 0.11574271, 0.18371348, 0.36353674, 0.23653604, 0.16419763, 0.35180415, 0.61779292, 0.88959313, 1.02185101, 1.06132170, 1.36548425, 1.87932504, 1.87670656, 2.12638956, 2.66772129, 2.63599702, 2.08571320, 1.35040313, 1.03796524, 0.82994631, 0.64714943, 0.23828206, 0.00000000, 0.00000000, 0.00000000, 0.00000000
 0.00000000, 0.47872622, 0.38643951, 0.34663582, 0.34602589, 0.36382033, 0.33289331, 0.28660641, 0.31028151, 0.37416905, 0.57615065, 0.67142750, 0.28242860, 0.00000000, 0.00000000, 0.29140811, 0.30520992, 0.31723834, 0.37330769, 0.31647938, 0.19739965, 0.28073812, 0.29174298, 0.21358344, 0.31232938, 0.50055176, 0.67787835, 0.76004132, 0.86025456, 1.16163366, 1.60886385, 1.84690151, 2.18833027, 2.55035389, 2.28009766, 1.73197886, 1.16889788, 0.98584328, 0.97167965, 0.71378946, 0.34384850, 0.07379517, 0.00000000, 0.00000000, 0.00000000
 0.00000000, 0.30515573, 0.24463419, 0.00000000, 0.23219497, 0.25096335, 0.22512803, 0.15667284, 0.20498044, 0.34540141, 0.50676715, 0.55334064, 0.50872313, 0.34425547, 0.07751968, 0.16542224, 0.34563099, 0.33669905, 0.35541943, 0.17344806, 0.13052490, 0.24997065, 0.23953352, 0.13674227, 0.26624325, 0.43495553, 0.45341204, 0.36781530, 0.39432408, 0.50137182, 0.72905696, 0.96520464, 1.28092961, 1.58621355, 1.43090983, 1.02997032, 0.78170940, 0.66982749, 0.55701980, 0.46370003, 0.34956905, 0.23295033, 0.00000000, 0.00000000, 0.00000000
 0.00000000, 0.00000000, 0.00000000, 0.00000000, 0.00000000, 0.00000000, 0.00000000, 0.07501174, 0.20293023, 0.38594943, 0.53039320, 0.53378014, 0.30859047, 0.18953713, 0.14068750, 0.00000000, 0.00000000, 0.00000000, 0.00000000, 0.00000000, 0.00000000, 0.00000000, 0.00000000, 0.00000000, 0.20400383, 0.43342669, 0.44824237, 0.36558549, 0.40947427, 0.53963418, 0.71362611, 0.93183733, 1.08050348, 1.11746547, 0.97587065, 0.71788023, 0.52510633, 0.40554133, 0.35741201, 0.32016298, 0.00000000, 0.00000000, 0.00000000, 0.00000000, 0.00000000
 0.00000000, 0.00000000, 0.00000000, 0.00000000, 0.00000000, 0.00000000, 0.00000000, 0.00000000, 0.19438225, 0.61456866, 0.90860531, 0.78122459, 0.24719591, 0.00000000, 0.00000000, 0.00000000, 0.00000000, 0.00000000, 0.00000000, 0.00000000, 0.00000000, 0.00000000, 0.00000000, 0.00000000, 0.25037047, 0.37613747, 0.38989304, 0.32116648, 0.38643686, 0.45080475, 0.56877233, 0.82254602, 0.97394958, 1.02998083, 0.98342844, 0.73046973, 0.45704020, 0.28226250, 0.00000000, 0.00000000, 0.00000000, 0.00000000, 0.00000000, 0.00000000, 0.00000000
 0.00000000, 0.00000000, 0.00000000, 0.00000000, 0.00000000, 0.00000000, 0.00000000, 0.00000000, 0.25682105, 0.87736902, 1.01801595, 0.64160039, 0.27023167, 0.09037101, 0.00000000, 0.00000000, 0.00000000, 0.00000000, 0.00000000, 0.00000000, 0.00000000, 0.00000000, 0.00000000, 0.00000000, 0.25379534, 0.39080557, 0.55520010, 0.51273783, 0.48609169, 0.53460971, 0.62124020, 0.92780447, 1.11569998, 1.16999266, 1.18968531, 0.93921126, 0.60189968, 0.41854957, 0.37196969, 0.31923724, 0.00000000, 0.00000000, 0.00000000, 0.00000000, 0.00000000
 0.00000000, 0.00000000, 0.00000000, 0.00000000, 0.00000000, 0.00000000, 0.00000000, 0.00000000, 0.39296345, 1.20720016, 1.25094422, 0.58383416, 0.22348450, 0.29083902, 0.00000000, 0.00000000, 0.00000000, 0.00000000, 0.00000000, 0.00000000, 0.00000000, 0.00000000, 0.00000000, 0.00000000, 0.20719713, 0.51688831, 0.79468534, 0.75973920, 0.68628417, 0.73474245, 0.81089615, 1.21550764, 1.54058654, 1.53424506, 1.47271479, 1.22403667, 0.86400243, 0.61572983, 0.54434210, 0.47083150, 0.29103200, 0.15076981, 0.00000000, 0.00000000, 0.00000000
 0.00000000, 0.00000000, 0.00000000, 0.00000000, 0.00000000, 0.00000000, 0.00000000, 0.00000000, 0.56207290, 1.45009755, 1.52901919, 1.02306403, 0.25261041, 0.00000000, 0.00000000, 0.00000000, 0.00000000, 0.00000000, 0.00000000, 0.00000000, 0.00000000, 0.00000000, 0.00000000, 0.00000000, 0.24607066, 0.73300419, 1.13098219, 1.37409760, 1.22820636, 0.95997984, 1.18426342, 1.73274849, 2.23277452, 2.37566667, 2.24789073, 1.81800199, 1.44874893, 1.13553928, 0.90094716, 0.66129522, 0.42459471, 0.12598337, 0.00000000, 0.00000000, 0.00000000
 0.00000000, 0.17117681, 0.13749911, 0.00000000, 0.00000000, 0.25224295, 0.09476772, 0.12212826, 0.81830941, 1.14773059, 0.91866863, 0.41806967, 0.00000000, 0.00000000, 0.00000000, 0.00000000, 0.00000000, 0.00000000, 0.00000000, 0.00000000, 0.00000000, 0.00000000, 0.00000000, 0.00000000, 0.00000000, 0.52936988, 1.73449184, 2.23155591, 2.60300317, 3.00941369, 3.84867661, 4.37666823, 4.39663802, 4.20698213, 3.40752606, 2.64356489, 2.35584218, 1.98921944, 1.62264619, 1.15095723, 0.60177122, 0.28265791, 0.17811704, 0.00000000, 0.00000000
 0.00000000, 0.42452660, 0.32836606, 0.00000000, 0.00000000, 0.23461393, 0.22106147, 0.25458837, 0.65529360, 0.67829807, 0.58272694, 0.27544981, 0.00000000, 0.00000000, 0.00000000, 0.00000000, 0.00000000, 0.00000000, 0.00000000, 0.00000000, 0.00000000, 0.00000000, 0.00000000, 0.00000000, 0.00000000, 0.94292277, 3.40473868, 4.45987403, 5.06572672, 5.45781445, 6.88452214, 7.54467616, 7.42107470, 7.48043062, 6.46917320, 5.67305020, 3.77833602, 2.57072197, 2.54909004, 2.07481541, 2.14706249, 1.55625393, 0.46067451, 0.00000000, 0.00000000
 0.00000000, 0.00000000, 0.00000000, 0.00000000, 0.00000000, 0.00000000, 0.09106380, 0.22745427, 0.45954754, 0.49147224, 0.53635650, 0.33785457, 0.00000000, 0.00000000, 0.00000000, 0.00000000, 0.00000000, 0.00000000, 0.00000000, 0.00000000, 0.00000000, 0.00000000, 0.00000000, 0.00000000, 0.33240762, 2.63888755, 6.50793971, 6.98513301, 5.33749682, 6.02482723, 7.90212045, 7.88573604, 8.21292142, 7.14682233, 5.22983326, 4.22241339, 3.56778363, 3.47051712, 3.65587332, 3.19494729, 2.73906668, 1.66627230, 0.53605580, 0.00000000, 0.00000000
 0.00000000, 0.00000000, 0.00000000, 0.00000000, 0.00000000, 0.00000000, 0.00000000, 0.15915499, 0.35504320, 0.39349943, 0.41369761, 0.43814368, 0.21650281, 0.00000000, 0.00000000, 0.00000000, 0.00000000, 0.00000000, 0.00000000, 0.00000000, 0.00000000, 0.00000000, 0.00000000, 0.00000000, 0.46321390, 3.49638385, 6.82963502, 6.58927361, 6.23438301, 7.12634908, 7.22152545, 6.74707367, 5.92313810, 4.95950343, 4.15934234, 3.31562735, 2.46281100, 2.38534683, 2.79188716, 2.67736691, 2.20806177, 1.53915841, 1.10967640, 0.00000000, 0.00000000
 0.00000000, 0.00000000, 0.00000000, 0.00000000, 0.00000000, 0.00000000, 0.00000000, 0.20233115, 0.30413396, 0.33031606, 0.34839165, 0.17678181, 0.00000000, 0.00000000, 0.00000000, 0.18595169, 0.29289116, 0.31007875, 0.27900201, 0.24021873, 0.25133212, 0.32663023, 0.26753445, 0.00000000, 0.80371795, 4.78861319, 5.31155315, 4.45587487, 5.00577400, 4.91705855, 4.86905551, 4.48706087, 4.04082108, 3.30971288, 2.75236123, 2.37317305, 2.01386321, 1.84447975, 1.69327865, 1.49427332, 1.24869505, 1.27214945, 1.44275575, 0.00000000, 0.00000000
 0.00000000, 0.00000000, 0.00000000, 0.00000000, 0.00000000, 0.00000000, 0.00000000, 0.20895919, 0.24442244, 0.27257369, 0.35778363, 0.51540640, 0.32090005, 0.00000000, 0.18285281, 0.35274018, 0.48153269, 0.52253055, 0.62218455, 0.71516267, 0.77055929, 0.80142940, 0.40792488, 0.00000000, 0.83510585, 3.46475046, 3.38766182, 3.14497586, 3.26814158, 3.31147936, 3.32791377, 3.41270705, 3.41483095, 2.99294589, 2.43752233, 1.93493106, 1.55006832, 1.36737700, 1.28815284, 1.16865870, 1.00260504, 0.92795648, 0.88355482, 0.00000000, 0.00000000
 0.00000000, 0.36102813, 0.35430073, 0.35721710, 0.37717867, 0.36693415, 0.27046386, 0.16806424, 0.18021842, 0.25525322, 0.37443411, 0.52042343, 0.61991915, 0.79891208, 0.74150445, 0.57817272, 0.60647295, 0.69063972, 0.87075307, 1.06461245, 1.20473263, 1.21135866, 0.58333058, 0.00000000, 0.84974524, 2.90140623, 2.98246469, 3.38958813, 3.46096459, 3.29062687, 3.38430442, 3.44451440, 3.24644011, 2.89679776, 2.41665296, 1.62716171, 1.12886014, 1.15709733, 1.09099202, 1.01966883, 0.85720787, 0.75344058, 0.79357739, 0.00000000, 0.00000000
 0.00000000, 0.59301599, 0.54929868, 0.54607936, 0.58050911, 0.59931027, 0.51914417, 0.34047568, 0.27486110, 0.39176583, 0.47827920, 0.51173351, 0.57817115, 0.49477058, 0.42757068, 0.41901877, 0.39369288, 0.46703374, 0.60296970, 0.77278986, 0.91942124, 1.01536501, 1.07699121, 1.19262764, 2.29221918, 2.45156797, 2.43503278, 2.94914489, 3.63632837, 3.78117546, 3.43207303, 3.25647085, 3.30509342, 3.10186125, 2.68489436, 1.98960609, 1.46726108, 1.31260070, 1.18575704, 0.99333345, 0.75263936, 0.76842133, 0.80869223, 0.00000000, 0.00000000
 0.00000000, 0.98975881, 0.90912916, 0.83119049, 0.83103994, 0.85657403, 0.84042606, 0.63336250, 0.52204125, 0.67810571, 0.80103923, 0.73400047, 0.65752131, 0.30923969, 0.19172557, 0.27965504, 0.25488459, 0.24906369, 0.31964342, 0.45325232, 0.60259246, 0.72885584, 0.82429867, 0.89068335, 2.26409048, 3.93798840, 4.44631043, 4.30322012, 4.01669856, 3.95044436, 3.63301303, 3.86979172, 4.11912720, 3.45417574, 2.63978074, 2.07549471, 1.59164768, 1.34145832, 1.29587971, 1.20041370, 0.91583896, 0.72380376, 0.58561857, 0.00000000, 0.00000000
 0.00000000, 1.55701232, 1.43901066, 1.36121083, 1.25710397, 1.24041872, 1.26111544, 1.02822136, 0.98750574, 1.16380880, 1.18213700, 1.25754851, 1.36878151, 0.65965927, 0.22824972, 0.46148251, 0.63507676, 0.63933084, 0.59362579, 0.53746466, 0.49934089, 0.50416249, 0.42511356, 0.31282097, 1.66353357, 4.42605673, 5.22755185, 5.52533242, 6.04379010, 6.53181720, 5.90951867, 4.91319801, 4.54881545, 3.96200531, 5.07778250, 5.52890179, 2.68367922, 1.34327287, 1.40176838, 1.27894030, 0.96711757, 0.77958939, 0.72005245, 0.00000000, 0.00000000
 0.00000000, 2.05159970, 2.15771987, 2.04710700, 1.60090941, 1.21338771, 1.01011012, 0.89519065, 0.97283343, 1.50796933, 1.88005763, 1.74001326, 1.85085451, 2.00001588, 1.47063766, 1.11309588, 1.21970348, 1.24547631, 1.26103992, 1.21775847, 1.09272348, 0.93893254, 0.38541644, 0.16141697, 1.63184547, 4.21325202, 4.58582056, 4.26797175, 3.80597017, 3.77380562, 4.66587644, 6.56372513,10.77595635,12.48475877, 4.97623476, 2.27731189, 2.08438932, 1.71221424, 1.67966097, 1.57819735, 1.38688012, 1.31024585, 1.24599526, 0.00000000, 0.00000000
 0.00000000, 2.54877444, 2.51576846, 2.47780435, 2.41656900, 2.26678762, 2.20136421, 1.96914627, 1.37366382, 1.64204338, 1.67340822, 1.88275894, 2.22414268, 2.34559852, 1.59829638, 1.23154911, 1.49665062, 1.54928586, 1.55203856, 1.53239956, 1.43906497, 1.23293778, 0.65484584, 0.51350865, 2.17926888, 4.27694046, 4.79174800, 4.20468090, 3.33035454, 4.11029564, 5.97973150, 7.95819406,11.59393734, 8.94293803, 8.23282615, 5.49999858, 0.98675786, 2.19164737, 2.27164476, 2.26976036, 2.05264396, 2.00953181, 1.87005264, 0.00000000, 0.00000000
 0.00000000, 1.89538678, 1.74418598, 1.59431084, 1.47586353, 1.50946049, 1.63123483, 1.66603366, 1.55199798, 2.00514663, 2.84865227, 3.03739279, 3.29038343, 3.29251606, 2.34999495, 1.48981967, 1.36132653, 1.39471688, 1.41849032, 1.34853309, 1.25724054, 1.05059222, 0.70771159, 0.76698433, 2.68187736, 6.48662713, 8.18125252, 7.32985898, 7.28612616, 7.49089758, 5.90664811, 6.18558735, 9.31854445,10.91551092,10.97666347, 9.44804083, 0.00000000, 2.97022476, 2.84225735, 2.40087560, 2.16936079, 2.05144345, 1.81087704, 0.00000000, 0.00000000
 0.00000000, 1.84275043, 1.69861937, 1.52947788, 1.46534159, 1.49857137, 1.49165694, 1.49178974, 1.69766003, 2.24087639, 2.66764622, 2.82570106, 3.44851263, 2.77921643, 1.32673507, 1.04530769, 1.28086716, 1.43248826, 1.43591327, 1.36983430, 1.30717987, 1.25678877, 0.87401382, 0.50492961, 2.32804723, 8.73835951,12.73352497,11.01740354,10.43728358,11.93693910,10.63673447, 8.56095298, 8.08398355,10.09723772,12.71877511,13.68306370, 4.55367175, 2.51210442, 2.77221259, 3.14317330, 2.21332464, 2.07583204, 2.28884978, 0.00000000, 0.00000000
 0.00000000, 1.70848745, 1.62738853, 1.50457305, 1.42171912, 1.25931184, 0.94718772, 1.18027648, 1.95550444, 3.07204906, 4.46856916, 4.45555777, 4.75432187, 5.06085630, 3.82587190, 1.77637440, 1.39013154, 1.40834385, 1.43150831, 1.27613014, 0.96674746, 1.06381261, 0.95405779, 1.00627564, 4.59312199,11.61527440,16.30770488,16.78155088,15.76741214,15.64997347,13.69700978,12.30303350,14.40880983,13.51669815,13.40202326,16.04601703,10.97611335, 3.38589278, 3.88652129, 4.79219484, 3.88387722, 3.47405915, 3.27922402, 0.00000000, 0.00000000
 0.00000000, 2.33709332, 2.50073175, 2.41586692, 2.23949732, 2.09064873, 2.13552813, 2.30290981, 2.39135709, 3.42536116, 5.67810326, 5.72878050, 4.73906082, 3.69677361, 2.16611501, 1.83639084, 1.68435196, 1.61442465, 1.61393207, 1.61326312, 1.60130381, 1.51411700, 0.92312245, 0.52122058, 4.59774232,11.79605070,13.74529027,16.84317868,18.81285255,15.80571026,10.23666478, 7.63081654, 7.26826845, 7.10539292, 9.83997858,12.16180650, 7.04265947, 4.42777691, 6.30439282, 6.86023623, 7.26177650, 7.45055921, 6.63449220, 0.00000000, 0.00000000
 0.00000000, 2.17951238, 2.12537068, 2.12943211, 2.00899066, 1.94862115, 2.33127122, 3.36919246, 4.92532526, 6.41831494, 8.64310298, 7.26177547, 6.67502206, 4.16462485, 0.00000000, 0.96798753, 1.20900510, 1.37193635, 1.39242093, 1.38274491, 1.24283662, 1.23285479, 1.31459544, 0.73323003, 6.10200019,16.29646341,12.29253534, 8.44986290, 8.15485281, 8.16012313, 8.48222422, 7.66560587, 7.09648675, 5.99618264, 4.84909936, 7.97846876,12.78174802,15.61226646,18.57216527,17.98342306,15.85195650,14.00284522,10.75222057, 0.00000000, 0.00000000
 0.00000000, 2.42293746, 2.14737226, 1.97457492, 1.90836971, 1.97692258, 2.09594222, 2.05113152, 1.90298810, 9.63561525,13.42792216,13.17756942,13.40398688, 0.00000000, 0.00000000, 5.66816848, 2.30284396, 2.10640276, 2.12406239, 2.10245972, 2.06188254, 2.02331082, 1.95717092, 0.00000000, 9.21406984,15.51829352,16.05429982,13.82585823,11.07570657, 8.77376138, 8.54139188, 8.84254396, 8.66700200, 7.72621991, 6.74804784, 8.09931125,11.31908235,15.56161928,13.54612919,10.79320763,10.21655999, 9.13580118, 7.84686390, 0.00000000, 0.00000000
 0.00000000, 4.14654158, 3.91476897, 3.40281681, 3.04175362, 2.90323128, 3.13643152, 4.21880845,12.34936648,14.23696361,17.16900723,13.20787785,13.60686246, 6.88900788, 0.00000000, 1.43486015, 1.71486194, 2.23987973, 2.25780463, 2.25004908, 2.22475729, 2.04378171, 1.84695374, 0.00000000, 0.00000000, 7.49168197, 8.14865346, 7.13323048, 6.13697349, 6.05669311, 6.32142591, 6.09283702, 5.12288236, 4.14994985, 3.84962830, 5.59417228, 7.95123033, 9.57578256, 9.41136362,10.06219385,12.53640521,13.46405649, 0.00000000, 0.00000000, 0.00000000
 0.00000000, 5.02881566, 4.75669624, 4.55772553, 4.31695027, 3.87336004, 3.81022055, 4.81957706,13.36988792,24.55849265,27.67848985,25.72563325,22.91831379, 9.80620951, 0.00000000, 3.70326637, 3.77359730, 3.94011324, 3.93175899, 3.95707768, 3.56143265, 3.49313982, 3.76954586, 0.00000000, 0.00000000,13.69384680,11.43818687, 8.07225260, 8.84248175, 8.72052801, 8.22246369, 7.56430652, 5.95971764, 6.66177483, 8.95389075,10.32394314,11.45299773,12.30471614,11.28998724,11.96594353,15.88823983,19.00996529,17.11932955, 0.00000000, 0.00000000
 0.00000000,10.62384580,10.67728515,10.03545934, 9.55817390, 9.04036454, 8.18960087, 7.73374416, 6.36493055, 8.76978565,13.28137992,18.74614857,21.98440170,23.28709425, 0.00000000, 6.43074434, 5.98582264, 5.82885714, 5.59593461, 5.62786235, 5.70741579, 5.53903032, 3.90747739, 1.25421425, 2.05724885,10.64518875,13.08792641,10.10416578, 9.00271706, 7.50707934, 8.08168460, 8.84249960, 7.85097269, 6.55900505, 6.28416393, 5.15297541, 4.01153060, 6.25353225, 9.86042406, 9.55259009,10.30700468,11.68736850,10.44052683, 0.00000000, 0.00000000
 0.00000000, 9.50339077,14.15523569,16.28083423,18.39775187,19.71619907,18.60154760,17.20777579, 2.96680351, 8.23504279, 9.15462165, 8.71391570,10.22642217,10.02449866, 3.79724807, 2.99058667, 4.26192581, 5.01773833, 5.65707567, 5.63259437, 5.59936638, 5.74971404, 5.97070731, 0.00000000, 0.00000000, 1.65228204, 4.30235089, 5.27760450, 5.58569617, 5.61866544, 5.58438076, 5.40925220, 5.19172153, 5.03119067, 4.98944385, 4.68427748, 3.91261966, 4.10841973, 6.14585051, 8.14395260, 9.23151409, 9.87891715,10.35929362, 0.00000000, 0.00000000
 0.00000000,17.10722768,19.97808831,20.45010091,19.98575977,20.14806965,18.85941207,20.07070409,23.24492106,23.43889036,23.44456159,19.63721034,16.70288046,10.36112389, 3.85788002, 6.95236192,10.77543725,11.48296049,11.68107668,11.73054504,11.49584771,11.69216741,12.47725819,13.70926333, 0.00000000,20.33194669,12.42978829, 8.04863120, 7.09513472, 6.77502789, 7.14484964, 6.90657253, 5.50698900, 6.20736147, 7.97276080, 8.24552594, 8.79630252, 9.70763565,11.41959131,12.23305729,12.56865599,16.12870394, 0.00000000, 0.00000000, 0.00000000
 0.00000000,11.21689935, 8.86104784, 9.92612803,11.05775984, 9.71468681,10.08874672,13.48143114,12.17670343,13.09348663,16.44743347,17.30664970,19.13846947,18.92522574,15.42870240,14.74230694,17.68059950,18.79018928,19.18958833,19.37863209,19.43094496,19.41674584,19.58441112,20.19152219,19.22730370,18.74151521,15.64745477,12.45148078,11.06839615,10.77421292,11.75306459,11.51287002,10.33868916, 9.52472531, 9.72248848, 9.97264712, 9.74464945, 9.25808456, 8.68153331, 7.76716748, 9.18403932,12.40688852, 0.00000000, 0.00000000, 0.00000000
 0.00000000,13.98395162,11.16296234,10.62823217,10.25964677, 9.55573395, 8.95679102, 7.85830237, 7.27020221, 7.32066502, 7.69177849, 6.81671329, 7.28754768,10.66385061,13.68891610,15.31549292,14.99733690,14.25688137,14.29893371,14.36159491,14.63532649,14.66233106,12.19200671, 8.82815338, 7.25656861, 7.70486052, 8.95144437, 8.73844715, 7.57235492, 7.14951413, 7.21865132, 7.01034788, 6.89830358, 6.82739808, 6.49107814, 6.28636257, 6.26506848, 6.19690237, 6.32897448, 6.28853271, 6.27085531, 6.58117884, 6.45228924, 0.00000000, 0.00000000
 0.00000000,21.42375819,25.60007181,24.19625794,22.72110607,22.41647765,20.68007329,19.07858596,17.60082852,15.66402521,14.55508633,14.10641672,10.59840694, 6.82642564, 5.31033908, 5.46504755, 5.15936014, 4.50179367, 4.69232180, 4.58124102, 4.67702736, 4.96470993, 4.50099082, 3.89229683, 7.51692768, 8.08031680, 4.10574144, 6.88941533,10.31732089,10.78451098,11.45053784,11.62845079,11.08616419,10.54138076,10.86999165,12.55642324,13.14555711,12.17702200,12.33794023,13.36188951,12.99113960,12.41032766,11.93530656, 0.00000000, 0.00000000
 0.00000000,22.66637621,27.76090803,29.39140169,29.10064963,28.56237252,29.37126459,29.57507181,29.20958875,29.37619159,29.68072844,28.40116888,26.59464965,16.58238836, 8.12265077, 7.18992426, 6.87077008, 6.71937613, 6.74700841, 6.91291272, 6.90945159, 7.05916113, 6.73650648, 9.48711449,18.71522183,26.12930540,24.63668853,22.47407241,22.58916268,22.72092248,23.21085565,23.91672669,24.13359942,23.76034281,23.56648951,23.90944148,24.48590477,24.85453394,24.20914140,23.32275338,23.55116834,22.47330985,20.51860058, 0.00000000, 0.00000000
 0.00000000,15.30776454,15.84272587,15.35070346,15.82397248,16.30960235,17.24643733,18.84339588,18.29622764,19.99080149,25.53217720,30.00586001,31.46074476,25.97382087,15.84893257,11.10769047,10.40276431,10.01820126,10.05727660,10.26472900,10.42826026,10.64115178,14.59785627,22.86313689,28.51608601,32.67212795,34.82426599,33.04775174,31.76876017,31.32843896,30.96868671,30.44126001,29.40826930,27.92007964,26.69324127,26.20873628,25.59833610,23.43347327,21.30104061,20.37189669,18.85523850,17.52690769,16.63658188, 0.00000000, 0.00000000
 0.00000000, 7.30293024, 5.46729789, 7.03248337, 6.93944930, 7.02486504, 7.37904307, 7.22911722, 5.98233671, 8.13446404,12.89882997,13.83622335,12.67618810, 9.29065164, 7.65213127, 7.83070640, 7.34948289, 6.84356041, 6.99578141, 7.19189030, 7.37825694, 7.53505140, 6.77725671, 8.46396513, 9.91109116, 9.80633429, 9.29024384,13.71782789,18.20878823,17.36922356,16.19620574,15.24995868,14.91963057,14.65334149,13.84816976,12.53600749,11.04069936, 9.85668117, 8.90435789, 7.87607828, 7.48923759, 7.12433091, 6.40884928, 0.00000000, 0.00000000
 0.00000000,12.28806604,11.70764678,11.81145300,11.87259253,10.54958654,10.19362186, 9.51302798, 8.44658995, 9.59298919, 9.61539550, 7.21204013, 5.52280821, 4.66563885, 4.55327447, 4.43053081, 3.97325154, 3.78935040, 4.02203959, 4.11587809, 4.33116328, 4.58171535, 4.31466167, 2.73651307, 0.90441298, 5.27509891, 8.96889241, 7.09309618, 8.41911031, 8.27872386, 8.34466237, 8.23312101, 7.66968085, 7.19083460, 7.27817232, 8.06893913, 8.60605812, 7.95685248, 7.36933560, 7.58551428, 7.19118875, 6.59185903, 6.36805765, 0.00000000, 0.00000000
 0.00000000,23.24790135,28.78188746,26.68475929,26.98779940,26.93555744,23.56564667,21.91917200,22.26992145,24.75824008,24.84087939,19.94295583,14.04335588,12.91579386,12.07839560, 9.50357720, 9.18160400, 8.96351270, 8.87073545, 9.24590162, 9.41794069, 9.82370218,10.55141044,11.13097597,11.25714993,12.41123066,17.10513006,18.45582350,16.68745834,16.41911273,16.64920394,16.68320641,16.07926956,15.06695578,15.20887598,17.06610537,18.20887933,17.73747267,17.48764913,18.62214766,18.66243412,16.97514726,15.11568146, 0.00000000, 0.00000000
 0.00000000,24.00253794,36.52255170,44.47126614,43.68451453,41.32297302,44.20459466,44.05368415,40.04890779,42.43188622,48.91971893,48.24185451,39.32369909,26.94226521,24.61145709,24.04338306,21.17702012,20.32939720,19.97623515,20.38440420,20.84365809,21.57880701,23.00947463,24.52056057,27.80334432,33.44609961,37.00067349,34.37293781,32.00433062,34.66079879,35.03925497,34.94743042,34.69466498,33.96686185,33.73076694,36.00073310,39.43948173,40.18270273,38.06120125,35.40649711,34.18796157,34.31494034,33.51943780, 0.00000000, 0.00000000
 0.00000000,20.45095655,30.56069349,30.47505012,30.23603222,33.05305890,32.64872854,31.82330084,33.68039755,39.11495993,46.24648953,48.67786176,45.51368552,37.15445735,35.93678330,37.34607765,33.69584468,31.68018961,30.99149980,31.17701138,31.75877797,32.74535901,34.05133632,35.16528849,38.39764569,48.13065199,52.35129450,50.70964103,50.91367527,49.23375927,48.60011758,47.71689977,46.71484871,45.73626038,45.04280584,44.74356610,43.62736349,40.96549036,38.94710172,38.30323305,37.31076865,34.74762614,31.11044592, 0.00000000, 0.00000000
