 0.000000000, 0.000000000, 0.000000000, 0.000000000, 0.000000000, 0.000000000, 0.000000000, 0.000000000, 0.000000000, 0.000000000, 0.000000000, 0.000000000, 0.000000000, 0.000000000, 0.000000000, 0.000000000, 0.000000000, 0.000000000, 0.000000000, 0.000000000, 0.000000000, 0.000000000, 0.000000000, 0.000000000, 0.000000000, 0.000000000, 0.000000000, 0.000000000, 0.000000000, 0.000000000, 0.000000000, 0.000000000, 0.000000000, 0.000000000, 0.000000000, 0.000000000, 0.000000000, 0.000000000, 0.000000000, 0.000000000, 0.000000000, 0.000000000, 0.000000000, 0.000000000, 0.000000000, 0.000000000
 0.000000000, 0.000000000, 0.000000000, 0.000000000, 0.000000000, 0.000000000, 0.000000000, 0.000000000, 0.000000000, 0.000000000, 0.000000000, 0.000000000, 0.000000000, 0.000000000, 0.000000000, 0.000000000, 0.000000000, 0.000000000, 0.000000000, 0.000000000, 0.000000000, 0.000000000, 0.000000000, 0.000000000, 0.000000000, 0.000000000, 0.000000000, 0.000000000, 0.000000000, 0.000000000, 0.000000000, 0.000000000, 0.000000000, 0.000000000, 0.000000000, 0.000000000, 0.000000000, 0.000000000, 0.000000000, 0.000000000, 0.000000000, 0.000000000, 0.000000000, 0.000000000, 0.000000000, 0.000000000
 0.000000000, 0.000000000, 0.000000000, 0.000000000, 0.000000000, 0.000000000, 0.000000000, 0.000000000, 0.000000000, 0.000000000, 0.000000000, 0.000000000, 0.000000000, 0.000000000, 0.000000000, 0.000000000, 0.000000000, 0.000000000, 0.000000000, 0.000000000, 0.000000000, 0.000000000, 0.000000000, 0.000000000, 0.021970249, 0.029978035, 0.040023101, 0.070129554, 0.000000000, 0.232354057, 0.272768898, 0.150983415, 0.000000000, 0.000000000, 0.000000000, 0.000000000, 0.000000000, 0.000000000, 0.000000000, 0.000000000, 0.000000000, 0.000000000, 0.000000000, 0.000000000, 0.000000000, 0.000000000
 0.000000000, 0.000000000, 0.000000000, 0.000000000, 0.000000000, 0.000000000, 0.000000000, 0.000000000, 0.000000000, 0.000000000, 0.000000000, 0.000000000, 0.000000000, 0.000000000, 0.000000000, 0.000000000, 0.000000000, 0.000000000, 0.000000000, 0.000000000, 0.000000000, 0.000000000, 0.000000000, 0.001599555, 0.036285445, 0.053952843, 0.054432746, 0.127101476, 0.098407971, 0.115798858, 0.162944871, 0.147150477, 0.216042821, 0.259588808, 0.000000000, 0.000000000, 0.000000000, 0.000000000, 0.000000000, 0.000000000, 0.000000000, 0.000000000, 0.000000000, 0.000000000, 0.000000000, 0.000000000
 0.000000000, 0.000000000, 0.000000000, 0.000000000, 0.000000000, 0.000000000, 0.000000000, 0.000000000, 0.000000000, 0.000000000, 0.000000000, 0.000000000, 0.000000000, 0.000000000, 0.000000000, 0.000000000, 0.000000000, 0.000000000, 0.000000000, 0.000000000, 0.000000000, 0.000000000, 0.000000000, 0.000000000, 0.000000000, 0.001997471, 0.054039502, 0.163341695, 0.236518863, 0.257508026, 0.282871613, 0.289599108, 0.373917291, 0.392860621, 0.264173089, 0.000000000, 0.000000000, 0.000000000, 0.000000000, 0.000000000, 0.000000000, 0.000000000, 0.000000000, 0.000000000, 0.000000000, 0.000000000
 0.000000000, 0.000000000, 0.000000000, 0.000000000, 0.000000000, 0.000000000, 0.000000000, 0.000000000, 0.000000000, 0.000000000, 0.000000000, 0.000000000, 0.000000000, 0.000000000, 0.000000000, 0.000000000, 0.000000000, 0.000000000, 0.000000000, 0.000000000, 0.000000000, 0.000000000, 0.000000000, 0.000000000, 0.000000000, 0.000000000, 0.000000000, 0.241508892, 0.350896739, 0.398253415, 0.404726295, 0.367534759, 0.327277629, 0.317097221, 0.000000000, 0.000000000, 0.000000000, 0.000000000, 0.000000000, 0.000000000, 0.000000000, 0.000000000, 0.000000000, 0.000000000, 0.000000000, 0.000000000
 0.000000000, 0.000000000, 0.000000000, 0.000000000, 0.000000000, 0.000000000, 0.000000000, 0.000000000, 0.000000000, 0.000000000, 0.000000000, 0.000000000, 0.000000000, 0.000000000, 0.000000000, 0.000000000, 0.000000000, 0.000000000, 0.000000000, 0.000000000, 0.000000000, 0.000000000, 0.000000000, 0.000000000, 0.000000000, 0.000000000, 0.000000000, 0.221210657, 0.283831171, 0.403607089, 0.472595196, 0.420375854, 0.312022424, 0.240130682, 0.000000000, 0.000000000, 0.000000000, 0.000000000, 0.000000000, 0.000000000, 0.000000000, 0.000000000, 0.000000000, 0.000000000, 0.000000000, 0.000000000
 0.000000000, 0.000000000, 0.000000000, 0.000000000, 0.000000000, 0.000000000, 0.000000000, 0.000000000, 0.000000000, 0.000000000, 0.000000000, 0.000000000, 0.000000000, 0.000000000, 0.000000000, 0.000000000, 0.000000000, 0.000000000, 0.000000000, 0.000000000, 0.000000000, 0.000000000, 0.000000000, 0.000000000, 0.000000000, 0.000000000, 0.000000000, 0.000000000, 0.171970938, 0.276518795, 0.359602750, 0.364375038, 0.302133556, 0.000000000, 0.000000000, 0.000000000, 0.000000000, 0.000000000, 0.000000000, 0.000000000, 0.000000000, 0.000000000, 0.000000000, 0.000000000, 0.000000000, 0.000000000
 0.000000000, 0.000000000, 0.000000000, 0.000000000, 0.000000000, 0.000000000, 0.000000000, 0.000000000, 0.000000000, 0.000000000, 0.000000000, 0.000000000, 0.000000000, 0.000000000, 0.000000000, 0.000000000, 0.000000000, 0.000000000, 0.000000000, 0.000000000, 0.000000000, 0.000000000, 0.000000000, 0.000000000, 0.000000000, 0.000000000, 0.000000000, 0.000000000, 0.173409688, 0.277856434, 0.352253283, 0.370695063, 0.309691607, 0.247449457, 0.000000000, 0.000000000, 0.000000000, 0.000000000, 0.000000000, 0.000000000, 0.000000000, 0.000000000, 0.000000000, 0.000000000, 0.000000000, 0.000000000
 0.000000000, 0.000000000, 0.000000000, 0.000000000, 0.000000000, 0.000000000, 0.000000000, 0.000000000, 0.143805262, 0.153801907, 0.106555403, 0.000000000, 0.000000000, 0.000000000, 0.000000000, 0.000000000, 0.000000000, 0.000000000, 0.000000000, 0.000000000, 0.000000000, 0.000000000, 0.000000000, 0.000000000, 0.000000000, 0.000000000, 0.000000000, 0.000000000, 0.153766974, 0.593917735, 1.028412851, 0.866230521, 0.586415319, 0.445790143, 0.286297276, 0.000000000, 0.000000000, 0.000000000, 0.000000000, 0.000000000, 0.000000000, 0.000000000, 0.000000000, 0.000000000, 0.000000000, 0.000000000
 0.000000000, 0.000000000, 0.000000000, 0.000000000, 0.000000000, 0.000000000, 0.000000000, 0.000000000, 0.000000000, 0.103739266, 0.090321017, 0.000000000, 0.000000000, 0.000000000, 0.000000000, 0.000000000, 0.000000000, 0.000000000, 0.000000000, 0.000000000, 0.000000000, 0.000000000, 0.000000000, 0.000000000, 0.000000000, 0.000000000, 0.108246727, 0.359589380, 0.553718326, 0.928921853, 1.647687664, 1.505327257, 1.053666288, 0.813302994, 0.560332230, 0.397871763, 0.462232143, 0.444736224, 0.314222873, 0.354797680, 0.439753955, 0.455368017, 0.399301817, 0.000000000, 0.000000000, 0.000000000
 0.000000000, 0.000000000, 0.000000000, 0.000000000, 0.000000000, 0.000000000, 0.000000000, 0.000000000, 0.000000000, 0.000000000, 0.000000000, 0.000000000, 0.000000000, 0.000000000, 0.000000000, 0.000000000, 0.000000000, 0.000000000, 0.000000000, 0.000000000, 0.000000000, 0.000000000, 0.000000000, 0.000000000, 0.000000000, 0.000000000, 0.126361071, 0.412966938, 0.815013163, 1.256640152, 1.532323747, 1.683006684, 1.407584476, 1.055628435, 0.822798999, 0.700880939, 0.811332068, 0.746387940, 0.510243083, 0.439878375, 0.502279139, 0.622661959, 0.459522820, 0.173877611, 0.000000000, 0.000000000
 0.000000000, 0.000000000, 0.000000000, 0.000000000, 0.000000000, 0.000000000, 0.000000000, 0.000000000, 0.185354233, 0.192366563, 0.000000000, 0.000000000, 0.000000000, 0.000000000, 0.000000000, 0.000000000, 0.000000000, 0.000000000, 0.000000000, 0.000000000, 0.000000000, 0.000000000, 0.000000000, 0.000000000, 0.000000000, 0.000000000, 0.119731346, 0.240556492, 0.290955856, 0.487711854, 1.135446131, 1.553139478, 1.346295285, 1.127497007, 0.947084685, 1.002227690, 1.253297660, 0.980251539, 0.527528285, 0.357676663, 0.373302079, 0.533219728, 0.501626108, 0.234446760, 0.000000000, 0.000000000
 0.000000000, 0.000000000, 0.000000000, 0.000000000, 0.000000000, 0.000000000, 0.000000000, 0.000000000, 0.167261250, 0.498001370, 0.250984226, 0.000000000, 0.000000000, 0.000000000, 0.000000000, 0.000000000, 0.000000000, 0.000000000, 0.000000000, 0.000000000, 0.000000000, 0.000000000, 0.000000000, 0.000000000, 0.000000000, 0.000000000, 0.138613201, 0.108022074, 0.000000000, 0.637905869, 1.812162803, 1.746358148, 1.635059123, 1.739363547, 1.632653937, 1.538762833, 1.429357435, 0.978308762, 0.549736731, 0.339773189, 0.316457815, 0.390542045, 0.280880312, 0.000000000, 0.000000000, 0.000000000
 0.000000000, 0.000000000, 0.000000000, 0.000000000, 0.000000000, 0.000000000, 0.000000000, 0.000000000, 0.303668097, 0.360042641, 0.000000000, 0.000000000, 0.000000000, 0.000000000, 0.000000000, 0.000000000, 0.000000000, 0.000000000, 0.000000000, 0.000000000, 0.000000000, 0.000000000, 0.000000000, 0.000000000, 0.000000000, 0.000000000, 0.054403450, 0.211781428, 0.126628809, 0.758060656, 2.447472181, 2.987323411, 2.553372511, 2.040883968, 1.816914991, 1.715924235, 1.454631154, 0.879029261, 0.500986000, 0.356026547, 0.358099288, 0.208882967, 0.077887865, 0.000000000, 0.000000000, 0.000000000
 0.000000000, 0.000000000, 0.000000000, 0.000000000, 0.000000000, 0.000000000, 0.000000000, 0.000000000, 0.000000000, 0.000000000, 0.000000000, 0.000000000, 0.000000000, 0.000000000, 0.000000000, 0.000000000, 0.000000000, 0.000000000, 0.000000000, 0.000000000, 0.000000000, 0.000000000, 0.000000000, 0.000000000, 0.000000000, 0.000000000, 0.199083953, 0.241001567, 0.354924160, 0.869605239, 1.401992833, 1.650829409, 1.868588791, 1.705877089, 1.422429113, 1.322319357, 1.054628548, 0.688235160, 0.505301017, 0.389670177, 0.000000000, 0.000000000, 0.000000000, 0.000000000, 0.000000000, 0.000000000
 0.000000000, 0.000000000, 0.000000000, 0.000000000, 0.000000000, 0.000000000, 0.000000000, 0.035341707, 0.245148477, 0.187508431, 0.000000000, 0.000000000, 0.000000000, 0.000000000, 0.000000000, 0.000000000, 0.000000000, 0.000000000, 0.000000000, 0.000000000, 0.000000000, 0.000000000, 0.000000000, 0.000000000, 0.000000000, 0.000000000, 0.126233333, 0.214719799, 0.447445728, 0.816594951, 1.056356593, 1.171328672, 1.127444662, 1.092459156, 1.001180902, 0.967081286, 0.886593199, 0.698072867, 0.513538227, 0.369817742, 0.000000000, 0.000000000, 0.000000000, 0.000000000, 0.000000000, 0.000000000
 0.000000000, 0.000000000, 0.000000000, 0.000000000, 0.000000000, 0.000000000, 0.000000000, 0.000000000, 0.167058914, 0.221319017, 0.103982879, 0.000000000, 0.000000000, 0.000000000, 0.000000000, 0.000000000, 0.000000000, 0.000000000, 0.000000000, 0.000000000, 0.000000000, 0.000000000, 0.000000000, 0.000000000, 0.000000000, 0.000000000, 0.000000000, 0.000000000, 0.316338743, 0.925964631, 1.185362519, 1.330540165, 1.265761478, 1.228157800, 1.120164753, 1.042560414, 0.971076476, 0.766213901, 0.565645067, 0.429642411, 0.000000000, 0.000000000, 0.000000000, 0.000000000, 0.000000000, 0.000000000
 0.000000000, 0.361697569, 0.371793123, 0.397546438, 0.428810880, 0.505381196, 0.261240697, 0.104242006, 0.230687998, 0.445708847, 0.216429369, 0.000000000, 0.000000000, 0.000000000, 0.000000000, 0.000000000, 0.000000000, 0.000000000, 0.000000000, 0.000000000, 0.000000000, 0.000000000, 0.000000000, 0.000000000, 0.000000000, 0.000000000, 0.000000000, 0.000000000, 0.687249379, 1.886806743, 2.040385719, 2.204669037, 2.109599879, 2.003775330, 1.951056223, 1.947937246, 1.778907529, 1.239135756, 0.832657861, 0.689059113, 0.560722604, 0.468840300, 0.371117665, 0.000000000, 0.000000000, 0.000000000
 0.000000000, 0.617477240, 0.540080999, 0.540033165, 0.592881624, 0.706515252, 0.394173392, 0.081481563, 0.148678024, 0.670029206, 0.000000000, 0.000000000, 0.000000000, 0.000000000, 0.000000000, 0.000000000, 0.000000000, 0.000000000, 0.000000000, 0.000000000, 0.000000000, 0.000000000, 0.000000000, 0.000000000, 0.000000000, 0.000000000, 0.055193937, 0.114554452, 1.121890337, 3.522665457, 3.632311700, 3.538673271, 3.634317549, 3.654386590, 3.680524660, 3.356009365, 3.093042487, 2.353567243, 1.673520963, 1.278035562, 0.883150341, 0.696571380, 0.400345005, 0.168016862, 0.000000000, 0.000000000
 0.000000000, 0.673314217, 0.615965735, 0.579379335, 0.586071055, 0.658067221, 0.514948778, 0.213824662, 0.136541642, 0.539077702, 0.000000000, 0.000000000, 0.000000000, 0.000000000, 0.000000000, 0.000000000, 0.000000000, 0.000000000, 0.000000000, 0.000000000, 0.000000000, 0.000000000, 0.000000000, 0.000000000, 0.000000000, 0.000000000, 0.078258999, 0.289428374, 1.470713968, 3.965631777, 4.899489790, 4.927116686, 4.733545735, 4.901246239, 4.294738559, 3.666421150, 3.946285470, 3.434033089, 2.261000247, 1.869549888, 1.505440743, 1.127197361, 0.603317969, 0.269813359, 0.000000000, 0.000000000
 0.000000000, 0.439800267, 0.410551278, 0.422448522, 0.457918786, 0.523386871, 0.384428414, 0.153332943, 0.309679081, 0.170217606, 0.000000000, 0.000000000, 0.000000000, 0.000000000, 0.000000000, 0.000000000, 0.000000000, 0.000000000, 0.000000000, 0.000000000, 0.000000000, 0.000000000, 0.000000000, 0.000000000, 0.004787096, 0.007261963, 0.071341141, 0.108397326, 0.795730070, 2.575474682, 3.245404424, 3.114662609, 2.983613005, 3.075081517, 3.055325208, 3.422321115, 3.557067318, 2.727989938, 2.020380892, 1.838774707, 1.688801805, 1.280616068, 0.593535246, 0.243256421, 0.000000000, 0.000000000
 0.000000000, 0.288239166, 0.265665998, 0.000000000, 0.303661400, 0.345801057, 0.173909537, 0.036290053, 0.079564631, 0.000000000, 0.000000000, 0.000000000, 0.000000000, 0.000000000, 0.000000000, 0.000000000, 0.000000000, 0.000000000, 0.000000000, 0.000000000, 0.000000000, 0.000000000, 0.000000000, 0.000000000, 0.000000000, 0.000000000, 0.057798318, 0.069131486, 0.375617198, 1.092115516, 1.407789123, 1.532529066, 1.497308409, 1.703762632, 1.976856927, 2.272955275, 2.154142513, 1.648094755, 1.303431267, 1.204715384, 1.115674915, 0.912258396, 0.462068628, 0.165605358, 0.000000000, 0.000000000
 0.000000000, 0.000000000, 0.000000000, 0.000000000, 0.000000000, 0.000000000, 0.000000000, 0.000000000, 0.000000000, 0.000000000, 0.000000000, 0.000000000, 0.000000000, 0.000000000, 0.000000000, 0.000000000, 0.000000000, 0.000000000, 0.000000000, 0.000000000, 0.000000000, 0.000000000, 0.000000000, 0.000000000, 0.000000000, 0.000000000, 0.117931713, 0.123365535, 0.324813766, 0.905559494, 1.089396785, 1.100989566, 1.104702780, 1.363849305, 1.614774508, 1.644200396, 1.463101643, 1.118083861, 0.848652203, 0.743071927, 0.688542207, 0.616056409, 0.335846284, 0.116519119, 0.000000000, 0.000000000
 0.000000000, 0.000000000, 0.000000000, 0.000000000, 0.000000000, 0.000000000, 0.000000000, 0.000000000, 0.538780907, 0.000000000, 0.000000000, 0.000000000, 0.000000000, 0.000000000, 0.000000000, 0.000000000, 0.000000000, 0.000000000, 0.000000000, 0.000000000, 0.000000000, 0.000000000, 0.000000000, 0.000000000, 0.000000000, 0.000000000, 0.000000000, 0.000000000, 0.463002111, 1.106972991, 1.164183022, 1.374271428, 1.440391864, 1.564469216, 1.851218257, 1.931657864, 1.624138980, 1.248277243, 0.946595369, 0.761612940, 0.695126427, 0.526272530, 0.255754226, 0.110303006, 0.000000000, 0.000000000
 0.000000000, 0.000000000, 0.000000000, 0.000000000, 0.000000000, 0.000000000, 0.000000000, 0.000000000, 0.000000000, 0.000000000, 0.337227408, 0.257230089, 0.000000000, 0.000000000, 0.000000000, 0.000000000, 0.000000000, 0.000000000, 0.000000000, 0.000000000, 0.000000000, 0.000000000, 0.000000000, 0.000000000, 0.000000000, 0.000000000, 0.000000000, 0.000000000, 0.455002758, 1.224366979, 1.588422188, 1.998384379, 2.231873314, 2.398510698, 2.563598449, 2.594148977, 2.042489574, 1.424825480, 1.104290590, 0.995012568, 0.895915891, 0.686730196, 0.250117385, 0.000000000, 0.000000000, 0.000000000
 0.000000000, 0.246410361, 0.269624528, 0.000000000, 0.000000000, 0.000000000, 0.000000000, 0.000000000, 0.000000000, 0.000000000, 0.224371215, 0.198020950, 0.000000000, 0.000000000, 0.000000000, 0.000000000, 0.000000000, 0.000000000, 0.000000000, 0.000000000, 0.000000000, 0.000000000, 0.000000000, 0.000000000, 0.000000000, 0.000000000, 0.000000000, 0.000000000, 0.597920337, 1.600228743, 1.923434797, 2.595378443, 3.243878974, 3.223905608, 3.158527582, 2.931729502, 2.636726936, 2.083424702, 1.567357219, 1.374395190, 1.247714714, 0.848820652, 0.288901241, 0.000000000, 0.000000000, 0.000000000
 0.000000000, 0.153520751, 0.174513121, 0.217792030, 0.252220057, 0.258751894, 0.208110014, 0.102807075, 0.138560221, 0.369106146, 0.000000000, 0.000000000, 0.000000000, 0.000000000, 0.000000000, 0.000000000, 0.000000000, 0.000000000, 0.000000000, 0.000000000, 0.000000000, 0.000000000, 0.000000000, 0.000000000, 0.036767167, 0.140096423, 0.076746124, 0.000000000, 1.172903032, 3.578327944, 4.440512903, 5.012533159, 5.720788243, 6.288523637, 6.676321246, 5.660514882, 4.351282959, 3.534681844, 2.920770644, 2.399539284, 1.942917479, 1.553849725, 0.684621588, 0.000000000, 0.000000000, 0.000000000
 0.000000000, 0.000000000, 0.000000000, 0.000000000, 0.000000000, 0.000000000, 0.000000000, 0.044449080, 0.268020338, 0.266261210, 0.000000000, 0.000000000, 0.000000000, 0.000000000, 0.000000000, 0.000000000, 0.000000000, 0.000000000, 0.000000000, 0.000000000, 0.000000000, 0.000000000, 0.000000000, 0.000000000, 0.082208667, 0.015808566, 0.176488406, 0.320393718, 2.198777069, 6.882977777, 8.531733252, 9.641801859,11.237556171,12.041682465, 9.210343315, 6.634119314, 6.486401896, 5.944920698, 4.619108013, 3.259975915, 3.140597309, 2.993517794, 2.189191798, 1.299290422, 0.000000000, 0.000000000
 0.000000000, 0.000000000, 0.000000000, 0.000000000, 0.000000000, 0.000000000, 0.000000000, 0.168174609, 0.066316957, 0.000000000, 0.000000000, 0.000000000, 0.000000000, 0.000000000, 0.000000000, 0.000000000, 0.000000000, 0.000000000, 0.000000000, 0.000000000, 0.000000000, 0.000000000, 0.000000000, 0.000000000, 0.000000000, 0.599295774, 0.000000000, 0.000000000, 3.980624988,10.957007804, 9.627482962, 8.340877618,10.972457719,10.448451510, 8.317173714, 7.678299822, 6.767610252, 4.885864131, 4.075432850, 4.248321225, 3.916110004, 3.560520643, 3.074703971, 2.158278540, 0.000000000, 0.000000000
 0.000000000, 0.000000000, 0.000000000, 0.000000000, 0.000000000, 0.000000000, 0.000000000, 0.000000000, 0.000000000, 0.207481704, 0.176902970, 0.000000000, 0.000000000, 0.000000000, 0.000000000, 0.000000000, 0.000000000, 0.000000000, 0.000000000, 0.000000000, 0.000000000, 0.000000000, 0.000000000, 0.000000000, 0.000000000, 0.000000000, 0.000000000, 0.803475687, 6.141882327, 9.524086674, 8.523689281, 8.482530827, 7.906722276, 7.506980661, 7.011080428, 6.201885248, 5.004318609, 3.969737809, 3.429732042, 3.352131016, 2.911449343, 2.788909203, 2.493710054, 1.778542727, 0.000000000, 0.000000000
 0.000000000, 0.000000000, 0.000000000, 0.000000000, 0.000000000, 0.000000000, 0.000000000, 0.000000000, 0.000000000, 0.202402623, 0.329274180, 0.294804287, 0.000000000, 0.000000000, 0.000000000, 0.000000000, 0.000000000, 0.000000000, 0.000000000, 0.000000000, 0.000000000, 0.000000000, 0.000000000, 0.000000000, 0.000000000, 0.000000000, 0.326208936, 2.497234086, 5.347408411, 6.727938437, 7.786108995, 6.832452363, 5.390789716, 4.868060485, 4.802567212, 4.604502269, 3.690306297, 2.591086256, 2.283827804, 2.307145158, 2.173148081, 1.849374034, 2.026143173, 2.342485873, 0.000000000, 0.000000000
 0.000000000, 0.000000000, 0.000000000, 0.000000000, 0.000000000, 0.000000000, 0.000000000, 0.000000000, 0.287066366, 0.325891374, 0.453802143, 0.595910459, 0.469608909, 0.000000000, 0.000000000, 0.000000000, 0.000000000, 0.000000000, 0.000000000, 0.000000000, 0.000000000, 0.000000000, 0.000000000, 0.000000000, 0.000000000, 0.000000000, 0.486468126, 2.533516381, 4.303341505, 4.911090182, 4.911746260, 4.523345885, 4.326221102, 4.212463287, 4.102024995, 3.860201837, 3.116494956, 2.133458549, 1.644571662, 1.561852822, 1.381029009, 1.252382381, 1.322793891, 1.454565653, 0.000000000, 0.000000000
 0.000000000, 0.346706339, 0.382644335, 0.381290037, 0.395780458, 0.403202292, 0.352943158, 0.000000000, 0.174678634, 0.334119328, 0.470321675, 0.494080095, 0.295197928, 0.000000000, 0.000000000, 0.000000000, 0.000000000, 0.000000000, 0.000000000, 0.000000000, 0.000000000, 0.000000000, 0.000000000, 0.000000000, 0.000000000, 0.156603413, 0.959655260, 2.725603857, 3.375733246, 4.052076549, 4.401608119, 4.055948246, 4.005270005, 3.910077199, 4.150636297, 3.897340194, 2.895915439, 2.085733798, 1.784818445, 1.612203362, 1.542332279, 1.298506509, 1.249749163, 1.201493132, 0.000000000, 0.000000000
 0.000000000, 0.521927937, 0.508411751, 0.488456365, 0.534059144, 0.621392731, 0.594186824, 0.302106224, 0.069752357, 0.184533648, 0.491937078, 0.541973157, 0.322465035, 0.000000000, 0.000000000, 0.000000000, 0.000000000, 0.000000000, 0.000000000, 0.000000000, 0.000000000, 0.000000000, 0.000000000, 0.000000000, 0.000000000, 0.197225124, 1.225230319, 2.909707331, 4.352179050, 5.727809069, 6.518540890, 5.829981231, 4.534511297, 4.392305481, 4.400551560, 3.562700282, 2.313534936, 1.945177040, 1.682248756, 1.456510866, 1.352836149, 1.098645909, 1.003883453, 1.045071269, 0.000000000, 0.000000000
 0.000000000, 1.020885703, 1.034171491, 0.948108041, 0.874031615, 0.859325201, 0.825020747, 0.633603732, 0.455158362, 0.285053089, 0.212134396, 0.422422315, 0.251477153, 0.000000000, 0.000000000, 0.000000000, 0.000000000, 0.000000000, 0.000000000, 0.000000000, 0.000000000, 0.000000000, 0.000000000, 0.000000000, 0.000000000, 0.000000000, 0.934344511, 3.201073715, 4.079126351, 5.521557986, 5.604404127, 5.292382817, 5.594152429, 5.584094035, 4.763641270, 4.045058285, 3.173864746, 2.145950795, 1.693594834, 1.457676653, 1.287608767, 1.060930551, 1.104521814, 1.181758032, 0.000000000, 0.000000000
 0.000000000, 1.129950412, 1.585038797, 1.648206072, 1.510638265, 1.374518551, 1.133211811, 0.625651881, 0.196951087, 0.497104484, 0.744754142, 0.722817776, 0.220166533, 0.000000000, 0.000000000, 0.000000000, 0.000000000, 0.000000000, 0.000000000, 0.000000000, 0.000000000, 0.000000000, 0.000000000, 0.000000000, 0.000000000, 0.000000000, 1.073886006, 5.047748735, 6.996411971, 6.840732501, 6.888784593, 6.316350988, 5.640108770, 5.197594570, 4.753136548, 4.442877369, 5.697471818, 4.685936241, 2.102762578, 1.717552833, 1.548256669, 1.364150637, 1.413596192, 1.265378196, 0.000000000, 0.000000000
 0.000000000, 2.778968705, 2.898050179, 2.274780788, 2.577522099, 3.139985000, 2.725371366, 1.141947626, 0.221342349, 1.386325545, 1.648323431, 1.125293120, 0.434499774, 0.000000000, 0.000000000, 0.000000000, 0.000000000, 0.000000000, 0.000000000, 0.000000000, 0.000000000, 0.000000000, 0.000000000, 0.000000000, 0.000000000, 0.000000000, 1.610354721, 6.409220207, 8.727040932, 9.178057078,10.176409044,12.176871718,12.138427300, 8.998312999, 8.128234040, 8.098937151, 6.365260871, 2.268324096, 1.394679574, 1.820094815, 1.678712629, 1.357655293, 1.081899367, 0.930782165, 0.000000000, 0.000000000
 0.000000000, 2.159109510, 2.554508395, 2.446929445, 2.530157169, 2.832799628, 3.319978233, 1.794687190, 0.000000000, 0.570349830, 1.338912177, 1.269077607, 0.886560409, 0.000000000, 0.000000000, 0.000000000, 0.000000000, 0.000000000, 0.000000000, 0.000000000, 0.000000000, 0.000000000, 0.000000000, 0.000000000, 0.000000000, 0.000000000, 0.555889359, 5.342314766,12.739846855,16.593898876,20.919299536,22.303554777,18.956566507,14.282261497,13.096661098,13.305423732, 6.483279812, 0.000000000, 1.789534652, 2.188989256, 1.941915511, 1.721223594, 1.735957508, 1.739888893, 0.000000000, 0.000000000
 0.000000000, 1.846295007, 2.096426553, 1.927000107, 1.723999794, 1.656816563, 1.857622903, 1.415508885, 1.219106127, 2.219378957, 2.036648205, 1.473002742, 0.744295132, 0.000000000, 0.000000000, 0.000000000, 0.000000000, 0.000000000, 0.000000000, 0.000000000, 0.000000000, 0.000000000, 0.000000000, 0.000000000, 0.000000000, 0.000000000, 0.000000000, 7.008397284,18.887547143,24.116386794,33.607340176,36.915207532,32.332053137,25.655434042,24.724777825,28.683714214,14.510208391, 0.000000000, 3.417393181, 2.913251319, 2.325586782, 1.425014213, 1.102284649, 1.189089584, 0.000000000, 0.000000000
 0.000000000, 1.799574980, 2.018306012, 1.837643984, 1.768717674, 1.824862659, 1.892171262, 0.954747078, 1.128515817, 3.421133254, 4.662765062, 4.003420121, 1.655724337, 0.000000000, 0.000000000, 0.000000000, 0.000000000, 0.000000000, 0.000000000, 0.000000000, 0.000000000, 0.000000000, 0.000000000, 0.000000000, 0.000000000, 0.000000000, 0.000000000, 0.000000000,11.888090668,20.204616217,17.421032870,22.463046960,27.468535934,28.487924369,26.515412259,25.890166092,12.439344233, 0.000000000, 1.947576633, 2.678570531, 3.270236009, 2.856417119, 3.278354469, 3.164457651, 0.000000000, 0.000000000
 0.000000000, 1.652457312, 2.153527313, 2.090820768, 1.874127438, 1.417215443, 1.576155829, 1.094177170, 1.777566443, 5.482748729, 5.979617023, 5.538809253, 2.456351325, 0.000000000, 0.000000000, 0.000000000, 0.000000000, 0.000000000, 0.000000000, 0.000000000, 0.000000000, 0.000000000, 0.000000000, 0.000000000, 0.000000000, 0.000000000, 0.872267271, 6.176687645,16.648394515,24.879185698,24.275747035,22.246388120,19.425745875,16.196134902,15.499915401,16.594319917,20.909450664,13.698969866, 6.439823430, 5.152315231, 4.341319039, 4.484867864, 4.292536592, 3.766252164, 0.000000000, 0.000000000
 0.000000000, 2.763208446, 3.387187708, 3.303945217, 3.088373029, 2.734876716, 2.860827907, 1.503531052, 1.981022136, 5.914460843, 7.228063791, 7.675978198, 3.669458000, 0.000000000, 0.000000000, 0.000000000, 0.000000000, 0.000000000, 0.000000000, 0.000000000, 0.000000000, 0.000000000, 0.000000000, 0.000000000, 0.000000000, 0.000000000, 0.000000000, 4.459237207,15.065731616,17.822746823,19.577101796,18.773383631,18.340272585,17.625441587,16.837987227,18.200623443,19.835297289, 9.868730115, 2.060964037, 5.054061821, 6.269349700, 7.325261070, 7.980369784, 7.090969331, 0.000000000, 0.000000000
 0.000000000, 2.112667426, 2.388624457, 2.239708848, 1.942613892, 2.087846502, 3.086623642, 2.743749862, 3.140429214, 7.645156652,12.331967362, 9.719580528, 3.540691773, 0.000000000, 0.000000000, 0.000000000, 0.000000000, 0.000000000, 0.000000000, 0.000000000, 0.000000000, 0.000000000, 0.000000000, 0.000000000, 0.000000000, 0.000000000, 0.626885101, 0.783975600, 4.695114890, 9.216727428, 7.977073230, 8.253162632, 8.880075907, 8.168511573, 6.228309064, 7.396800987,11.299647054,13.810520632,12.036053633, 9.385509226, 8.747181253,10.431428786,13.202807067,11.950339718, 0.000000000, 0.000000000
 0.000000000, 2.455561389, 2.704616620, 2.546223891, 2.336003919, 2.131330344, 2.388094130, 0.933321660, 2.069371364, 8.766025266,14.696487983,20.398357496,12.944026576, 0.000000000, 0.000000000, 0.000000000, 0.000000000, 0.000000000, 0.000000000, 0.000000000, 0.000000000, 0.000000000, 0.000000000, 0.000000000, 0.444295592, 5.086974968, 4.830341548, 6.560899970,12.248887028,13.119256142,10.646411893, 8.250949819, 7.055330653, 7.246119158, 6.950121870, 6.616630986, 8.488469425,12.081826982,16.846584900, 9.354365217, 9.539647251, 8.492905884, 9.340178256,10.316712011, 0.000000000, 0.000000000
 0.000000000, 3.950028931, 4.261585835, 4.001972258, 3.785724145, 3.741435196, 4.053935975, 4.305712945, 1.905889451, 0.000000000, 9.668381666,17.804235251, 9.366870335, 0.000000000, 0.000000000, 0.000000000, 0.000000000, 0.000000000, 0.000000000, 0.000000000, 0.000000000, 0.000000000, 0.000000000, 0.000000000, 0.000000000, 0.000000000, 0.000000000, 0.000000000, 8.645406852, 7.391598845, 6.136143324, 5.533249878, 5.763340742, 5.546648765, 4.440393065, 3.366714560, 5.235580781, 8.443377994,11.851257356,11.203785462, 8.191404571,10.397472417,15.618709264, 0.000000000, 0.000000000, 0.000000000
 0.000000000, 3.860059330, 5.790957211, 6.098375715, 5.787941534, 5.189305956, 4.375373612, 4.089446259, 0.000000000,19.239693440,30.565726070,26.176134702, 9.607743944, 0.000000000, 0.000000000, 0.000000000, 0.000000000, 0.000000000, 0.000000000, 0.000000000, 0.000000000, 0.000000000, 0.000000000, 0.000000000, 0.000000000, 0.000000000, 0.000000000, 3.399703935,11.840292965,11.306702676, 7.200160480, 6.035999395, 6.498658642, 6.174003528, 5.071535772, 6.006668398, 9.499341660,12.320599579,15.174612053,14.565339866,13.728706794,18.298032353,21.958457230, 0.000000000, 0.000000000, 0.000000000
 0.000000000, 6.104271366, 8.762511000, 8.417924093,10.959122104,12.837725038,11.491327522, 5.052319999, 5.114395264,16.870139544,27.584180946,32.537720378,29.312507249, 0.000000000, 0.000000000, 0.000000000, 0.000000000, 0.000000000, 0.000000000, 0.000000000, 0.000000000, 0.000000000, 0.000000000, 0.000000000, 0.000000000, 0.000000000, 0.000000000, 2.857771041,10.724221327,13.943786514, 9.713038093, 6.578767629, 8.599153853,11.008501942,10.174899125, 7.340108469, 6.435725481, 6.100728302, 7.478732814,10.906585756, 9.936579239,10.115620628,14.218274453,14.724934170, 0.000000000, 0.000000000
 0.000000000,11.915208808,19.989232123,24.590762710,25.841803534,25.623695877,25.300844427,23.113313188, 0.000000000, 4.491590001,11.286002022,16.055262375,13.893914485, 0.000000000, 0.000000000, 0.000000000, 0.000000000, 0.000000000, 0.000000000, 0.000000000, 0.000000000, 0.000000000, 0.000000000, 0.000000000, 0.000000000, 0.000000000, 0.000000000, 0.000000000, 5.327190398, 5.324928943, 5.745416921, 5.428309879, 5.029039597, 4.382675681, 3.630130772, 3.244731451, 3.899382443, 5.032977740, 6.402562287, 7.718731639, 6.926513088, 7.065147589,10.286725221,11.165363721, 0.000000000, 0.000000000
 0.000000000,13.722592584,14.777258829,18.528239042,21.277703649,19.976585424,22.856242765,26.633330913, 0.000000000, 0.000000000,12.208571711,17.225468080, 9.271236640, 0.000000000, 0.000000000, 0.000000000, 0.000000000, 0.000000000, 0.000000000, 0.000000000, 0.000000000, 0.000000000, 0.000000000, 0.000000000, 0.000000000, 0.000000000, 0.000000000, 0.000000000,18.686390043, 9.795665707, 6.939599556, 8.539029848,10.699671968, 9.569184325, 9.963655380,11.743175438,10.485515364, 8.631920309, 7.527272272,10.405000061,13.299297759,13.914421158,16.595651398, 0.000000000, 0.000000000, 0.000000000
 0.000000000,10.321145577,10.243998272,10.836510829,12.733203120,13.179109515,12.344481988,14.511077741, 4.416421852,10.639849864,26.376816046,26.695424736,23.885884901, 0.000000000, 0.000000000, 0.000000000, 0.000000000, 0.000000000, 0.000000000, 0.000000000, 0.000000000, 0.000000000, 0.000000000, 0.000000000, 0.000000000, 0.000000000, 0.000000000, 4.092989831, 8.593400497, 9.528007970,11.463877356,11.202067846,12.755990525,15.325362649,16.015664616,13.340093419,11.337551286,11.148512040,11.366515013,12.395148240,11.916992508,12.300432885,13.941210867, 0.000000000, 0.000000000, 0.000000000
 0.000000000, 8.550057281,13.065556068,13.979443164,14.898304064,14.523134536,12.542203228, 8.514963034, 2.770028141, 8.935764350,16.001308243,19.452195437,21.279891860, 0.000000000, 0.000000000, 0.000000000, 0.000000000, 0.000000000, 0.000000000, 0.000000000, 0.000000000, 0.000000000, 0.000000000, 0.000000000, 0.000000000, 0.000000000, 0.000000000, 2.558887691, 6.077996090, 6.173752622, 6.294420955, 7.548824032, 9.360316945, 9.293519651, 7.924938856, 8.153428193, 8.339727135, 7.512769288, 7.666528344, 8.094906329, 7.112898992, 7.454338219, 8.559821063, 8.962940570, 0.000000000, 0.000000000
 0.000000000,22.588657937,34.248154376,35.722507286,35.526634922,34.255714854,30.618130858,28.130089163,24.584306088, 9.108957755, 8.868939700, 7.736969970, 6.016125221, 2.001047832, 1.025820659, 0.389448826, 0.061807170, 0.000000000, 0.000000000, 0.000000000, 0.000000000, 0.000000000, 0.000000000, 0.006892274, 0.460318911, 0.578349087, 1.635009366, 4.651572705, 6.895022793, 5.096750936, 7.787647473,11.272112915,11.131097987,11.291300917,11.942073672,13.287145286,14.201572775,15.791685654,16.945389660,16.506995360,16.081314437,16.438169334,16.991819179,17.179641004, 0.000000000, 0.000000000
 0.000000000,20.402681716,33.515166881,37.833537170,37.274814138,38.951927974,40.477538670,39.210862611,39.746748628,28.221099367,25.407801926,12.747943300,26.989559289, 6.578299484, 1.344689049, 0.000000000, 0.000000000, 0.000000000, 0.000000000, 0.000000000, 0.000000000, 0.000000000, 0.000000000, 0.012480772, 0.842270328, 0.983678332, 1.244525937, 4.666806952,17.886220002,29.686386688,26.914339126,25.874180678,25.702205955,25.368531171,25.837632215,28.056113560,30.571811393,33.109805373,33.479867215,31.879029608,32.009151926,31.833769220,30.358025922,31.044269657, 0.000000000, 0.000000000
 0.000000000,13.749470813,18.001231718,17.271766128,18.874527778,20.566341661,22.137452098,22.224807892,24.564251691,24.704610318,23.382234959,15.206058154,39.975311790,13.984962053, 7.358216320, 1.238437289, 0.000000000, 0.000000000, 0.000000000, 0.000000000, 0.000000000, 0.000000000, 0.000000000, 0.000000000, 0.451934636, 1.986410237, 3.280145008, 4.107559613,12.120110458,29.327395445,38.723990266,38.348943251,38.057567688,38.016647470,37.720485622,37.508671505,36.649167825,35.390543084,34.598961290,33.233386536,30.038405753,27.558227478,27.081453357,26.226840598, 0.000000000, 0.000000000
 0.000000000, 9.356231826, 8.888252228, 8.304537372, 8.954602325, 8.986181744, 8.887831929, 7.714716442, 9.650771001, 9.620500201, 8.429364508,11.951705301,28.975722978, 9.324583384, 4.539864332, 1.301675221, 0.104935031, 0.000000000, 0.000000000, 0.000000000, 0.000000000, 0.000000000, 0.000000000, 0.000000000, 0.122644163, 1.811288156, 3.245119844, 3.292577610, 5.446803439,10.845603465,18.700501502,21.722936114,22.036935948,22.300095042,21.179002853,19.673542910,18.415107909,17.301722130,15.850218892,13.728179856,12.236996868,11.583942871,10.332913181,10.334597085, 0.000000000, 0.000000000
 0.000000000,16.119279345,19.302290977,17.366916308,17.176511117,14.245482310,12.608161637, 8.896306117, 5.581673064, 6.533529905, 9.393329202, 9.970559693, 6.378766526, 0.718194393, 1.239200557, 0.675440659, 0.120309480, 0.016627334, 0.000000000, 0.000000000, 0.000000000, 0.000000000, 0.000000000, 0.000000000, 0.103852417, 1.675067982, 6.535976337, 4.525103170, 6.752082919, 6.741915067, 6.723658989, 8.223994067, 8.386450798, 7.620689242, 7.356712574, 7.917206013, 7.852938499, 8.055848113, 7.768907859, 6.435183738, 5.871984603, 5.531550623, 3.838269689, 3.736865786, 0.000000000, 0.000000000
 0.000000000,22.017746606,38.717120521,41.765645137,39.584838771,38.674723108,32.937053440,28.536351500,21.914930260,19.393254788,19.662463739,20.619592905,22.147573885, 8.827301175, 4.688559788, 1.571563207, 0.000000000, 0.000000000, 0.000000000, 0.000000000, 0.000000000, 0.000000000, 0.000000000, 0.000000000, 0.147806061, 4.529014859,12.510125371,14.907854123,10.869540472,13.580775755,13.795128233,12.746084056,12.183306955,12.108512136,10.853938856,10.924215982,13.624086280,15.861947911,17.648301880,17.048359617,15.265683378,14.276462115,11.550303839, 9.876590395, 0.000000000, 0.000000000
 0.000000000,22.891317745,42.321748966,56.899487148,60.935392523,56.995788331,59.190994730,55.539240352,45.122453210,40.814591088,45.256545294,47.252137740,48.856957588,33.889607958,21.255293316, 6.307043824, 0.000000000, 0.000000000, 0.000000000, 0.000000000, 0.000000000, 0.000000000, 0.000000000, 0.000000000, 0.233628749, 9.915761542,35.748701801,33.292180840,43.932057409,35.435860528,32.119766908,31.929650052,28.535329795,27.532490987,26.046817043,24.857361033,27.994054195,32.850355617,34.969198686,34.004804567,32.190141364,31.446928374,29.814422509,28.228227495, 0.000000000, 0.000000000
 0.000000000,17.223018095,34.043472158,38.766189367,38.740705936,42.431437110,41.680503606,37.641000057,29.222191447,33.369005169,35.042631411,54.406020380,74.382027701,51.552826735,22.937941664, 3.139368883, 0.000000000, 0.000000000, 0.000000000, 0.000000000, 0.000000000, 0.000000000, 0.000000000, 0.000000000, 0.274799172,11.819723738,36.324798900,53.288867460,53.783939113,47.352059054,40.798430233,33.923369217,35.097907296,38.043758296,36.901482643,37.467604149,39.521809582,41.871371149,42.853831816,41.130668145,37.757581790,34.022889854,29.963834843,27.125657425, 0.000000000, 0.000000000
