 0.00000000, 0.00000000, 0.00000000, 0.00000000, 0.00000000, 0.00000000, 0.00000000, 0.00000000, 0.00000000, 0.00000000, 0.00000000, 0.00000000, 0.00000000, 0.00000000, 0.00000000, 0.00000000, 0.00000000, 0.00000000, 0.00000000, 0.00000000, 0.00000000, 0.00000000, 0.00000000, 0.00000000, 0.00000000, 0.00000000, 0.00000000, 0.00000000, 0.00000000, 0.00000000, 0.00000000, 0.00000000, 0.00000000, 0.00000000, 0.00000000, 0.00000000, 0.00000000, 0.00000000, 0.00000000, 0.00000000, 0.00000000, 0.00000000, 0.00000000, 0.00000000, 0.00000000
 0.00000000, 0.00000000, 0.00000000, 0.00000000, 0.00000000, 0.00000000, 0.00000000, 0.00000000, 0.00000000, 0.00000000, 0.00000000, 0.00000000, 0.00000000, 0.00000000, 0.00000000, 0.00000000, 0.00000000, 0.00000000, 0.00000000, 0.00000000, 0.00000000, 0.00000000, 0.00000000, 0.00000000, 0.00000000, 0.00000000, 0.00000000, 0.00000000, 0.00000000, 0.00000000, 0.00000000, 0.00000000, 0.00000000, 0.00000000, 0.00000000, 0.00000000, 0.00000000, 0.00000000, 0.00000000, 0.00000000, 0.00000000, 0.00000000, 0.00000000, 0.00000000, 0.00000000
 0.00000000, 0.00000000, 0.00000000, 0.00000000, 0.00000000, 0.00000000, 0.00000000, 0.00000000, 0.00000000, 0.00000000, 0.00000000, 0.00000000, 0.00000000, 0.00000000, 0.00000000, 0.00000000, 0.00000000, 0.00000000, 0.02602555, 0.03714261, 0.00000000, 0.00000000, 0.00000000, 0.00000000, 0.00000000, 0.00000000, 0.00000000, 0.00000000, 0.00000000, 0.00000000, 0.00000000, 0.00000000, 0.00000000, 0.00000000, 0.00000000, 0.00000000, 0.00000000, 0.00000000, 0.00000000, 0.00000000, 0.00000000, 0.00000000, 0.00000000, 0.00000000, 0.00000000
 0.00000000, 0.00000000, 0.00000000, 0.00000000, 0.00000000, 0.00000000, 0.00000000, 0.00000000, 0.00000000, 0.00000000, 0.00000000, 0.00000000, 0.00000000, 0.00000000, 0.00000000, 0.00000000, 0.00000000, 0.00000000, 0.00000000, 0.00000000, 0.00000000, 0.00000000, 0.00000000, 0.00000000, 0.00000000, 0.00000000, 0.00000000, 0.00000000, 0.00000000, 0.00000000, 0.00000000, 0.00000000, 0.00000000, 0.00000000, 0.00000000, 0.00000000, 0.00000000, 0.00000000, 0.00000000, 0.00000000, 0.00000000, 0.00000000, 0.00000000, 0.00000000, 0.00000000
 0.00000000, 0.00000000, 0.00000000, 0.00000000, 0.00000000, 0.00000000, 0.00000000, 0.00000000, 0.00000000, 0.00000000, 0.00000000, 0.00000000, 0.00000000, 0.00000000, 0.00000000, 0.00000000, 0.00000000, 0.00000000, 0.00000000, 0.00000000, 0.00000000, 0.00000000, 0.00000000, 0.00000000, 0.00000000, 0.00000000, 0.00000000, 0.00000000, 0.00000000, 0.00000000, 0.00000000, 0.00000000, 0.00000000, 0.00000000, 0.00000000, 0.00000000, 0.00000000, 0.00000000, 0.00000000, 0.00000000, 0.00000000, 0.00000000, 0.00000000, 0.00000000, 0.00000000
 0.00000000, 0.00000000, 0.00000000, 0.00000000, 0.00000000, 0.00000000, 0.00000000, 0.00000000, 0.00000000, 0.00000000, 0.00000000, 0.00000000, 0.00000000, 0.00000000, 0.00000000, 0.00000000, 0.00000000, 0.00000000, 0.00000000, 0.00000000, 0.00000000, 0.00000000, 0.00000000, 0.00000000, 0.00000000, 0.00000000, 0.00000000, 0.00000000, 0.00000000, 0.00000000, 0.00000000, 0.00000000, 0.00000000, 0.00000000, 0.00000000, 0.00000000, 0.00000000, 0.00000000, 0.00000000, 0.00000000, 0.00000000, 0.00000000, 0.00000000, 0.00000000, 0.00000000
 0.00000000, 0.00000000, 0.00000000, 0.00000000, 0.00000000, 0.00000000, 0.00000000, 0.00000000, 0.00000000, 0.00000000, 0.00000000, 0.00000000, 0.00000000, 0.00000000, 0.00000000, 0.00000000, 0.00000000, 0.00000000, 0.00000000, 0.00000000, 0.00000000, 0.00000000, 0.00000000, 0.00000000, 0.00000000, 0.00000000, 0.00000000, 0.00000000, 0.00000000, 0.00000000, 0.00000000, 0.00000000, 0.00000000, 0.00000000, 0.00000000, 0.00000000, 0.00000000, 0.00000000, 0.00000000, 0.00000000, 0.00000000, 0.00000000, 0.00000000, 0.00000000, 0.00000000
 0.00000000, 0.00000000, 0.00000000, 0.00000000, 0.00000000, 0.00000000, 0.00000000, 0.00000000, 0.00000000, 0.00000000, 0.00000000, 0.00000000, 0.00000000, 0.00000000, 0.00000000, 0.00000000, 0.00000000, 0.00000000, 0.00000000, 0.00000000, 0.00000000, 0.00000000, 0.00000000, 0.00000000, 0.00000000, 0.00000000, 0.00000000, 0.00000000, 0.00000000, 0.00000000, 0.00000000, 0.00000000, 0.00000000, 0.00000000, 0.00000000, 0.00000000, 0.00000000, 0.00000000, 0.00000000, 0.00000000, 0.00000000, 0.00000000, 0.00000000, 0.00000000, 0.00000000
 0.00000000, 0.00000000, 0.00000000, 0.00000000, 0.00000000, 0.00000000, 0.00000000, 0.00000000, 0.00000000, 0.00000000, 0.00000000, 0.00000000, 0.00000000, 0.00000000, 0.00000000, 0.00000000, 0.00000000, 0.00000000, 0.00000000, 0.00000000, 0.00000000, 0.00000000, 0.00000000, 0.00000000, 0.00000000, 0.00000000, 0.00000000, 0.00000000, 0.00000000, 0.00000000, 0.00000000, 0.00000000, 0.00000000, 0.00000000, 0.00000000, 0.00000000, 0.00000000, 0.00000000, 0.00000000, 0.00000000, 0.00000000, 0.00000000, 0.00000000, 0.00000000, 0.00000000
 0.00000000, 0.00000000, 0.00000000, 0.00000000, 0.00000000, 0.00000000, 0.00000000, 0.00000000, 0.00000000, 0.00000000, 0.00000000, 0.00000000, 0.00000000, 0.00000000, 0.00000000, 0.00000000, 0.00000000, 0.00000000, 0.00000000, 0.00000000, 0.00000000, 0.00000000, 0.00000000, 0.00000000, 0.00000000, 0.00000000, 0.00000000, 0.00000000, 0.00000000, 0.00000000, 0.00000000, 0.00000000, 0.00000000, 0.00000000, 0.00000000, 0.00000000, 0.00000000, 0.00000000, 0.00000000, 0.00000000, 0.00000000, 0.00000000, 0.00000000, 0.00000000, 0.00000000
 0.00000000, 0.00000000, 0.00000000, 0.00000000, 0.00000000, 0.00000000, 0.00000000, 0.00000000, 0.00000000, 0.00000000, 0.00000000, 0.00000000, 0.00000000, 0.00000000, 0.00000000, 0.00000000, 0.00000000, 0.00000000, 0.00000000, 0.00000000, 0.00000000, 0.00000000, 0.00000000, 0.00000000, 0.00000000, 0.00000000, 0.00000000, 0.00000000, 0.00000000, 0.00000000, 0.00000000, 0.00000000, 0.00000000, 0.00000000, 0.00000000, 0.00000000, 0.00000000, 0.00000000, 0.00000000, 0.00000000, 0.00000000, 0.00000000, 0.00000000, 0.00000000, 0.00000000
 0.00000000, 0.02566836, 0.08112026, 0.12010692, 0.00000000, 0.00000000, 0.00000000, 0.00000000, 0.00000000, 0.00000000, 0.00000000, 0.00000000, 0.00000000, 0.00000000, 0.00000000, 0.00000000, 0.00000000, 0.00000000, 0.00000000, 0.00000000, 0.00000000, 0.00000000, 0.00000000, 0.00000000, 0.00000000, 0.00000000, 0.00000000, 0.00000000, 0.00000000, 0.00000000, 0.00000000, 0.00000000, 0.00000000, 0.00000000, 0.00000000, 0.00000000, 0.00000000, 0.00000000, 0.00000000, 0.00000000, 0.00000000, 0.00000000, 0.00000000, 0.00000000, 0.00000000
 0.00000000, 0.06224476, 0.10147276, 0.11149362, 0.00000000, 0.00000000, 0.00000000, 0.00000000, 0.00000000, 0.00000000, 0.00000000, 0.00000000, 0.00000000, 0.00000000, 0.00000000, 0.00000000, 0.00000000, 0.00000000, 0.00000000, 0.00000000, 0.00000000, 0.00000000, 0.00000000, 0.00000000, 0.00000000, 0.22830192, 0.22104285, 0.18564270, 0.09267849, 0.00000000, 0.00000000, 0.00000000, 0.00000000, 0.23295223, 0.30749181, 0.00000000, 0.13801839, 0.23925670, 0.23242962, 0.20128652, 0.00000000, 0.00000000, 0.00000000, 0.00000000, 0.00000000
 0.00000000, 0.00000000, 0.00000000, 0.00000000, 0.00000000, 0.00000000, 0.00000000, 0.00000000, 0.00000000, 0.00000000, 0.00000000, 0.00000000, 0.00000000, 0.00000000, 0.00000000, 0.00000000, 0.00000000, 0.00000000, 0.00000000, 0.00000000, 0.00000000, 0.00000000, 0.00000000, 0.00000000, 0.25257835, 0.11232962, 0.14658614, 0.48359383, 0.31858889, 0.00000000, 0.00000000, 0.00000000, 0.00000000, 0.12641685, 0.13827529, 0.17280361, 0.35187131, 0.31947918, 0.30352805, 0.25758581, 0.00000000, 0.00000000, 0.00000000, 0.00000000, 0.00000000
 0.00000000, 0.00000000, 0.00000000, 0.00000000, 0.00000000, 0.00000000, 0.00000000, 0.00000000, 0.00000000, 0.00000000, 0.00000000, 0.00000000, 0.00000000, 0.00000000, 0.00000000, 0.00000000, 0.00000000, 0.00000000, 0.00000000, 0.00000000, 0.00000000, 0.00000000, 0.00000000, 0.11914985, 0.22176128, 0.14494544, 0.21284040, 0.70804622, 0.70762906, 0.22732630, 0.00000000, 0.00000000, 0.00000000, 0.20279681, 0.24464870, 0.26372922, 0.50175072, 0.42910904, 0.39957012, 0.31232084, 0.00000000, 0.00000000, 0.00000000, 0.00000000, 0.00000000
 0.00000000, 0.00000000, 0.00000000, 0.00000000, 0.00000000, 0.00000000, 0.00000000, 0.00000000, 0.00000000, 0.00000000, 0.00000000, 0.00000000, 0.00000000, 0.00000000, 0.00000000, 0.00000000, 0.00000000, 0.00000000, 0.00000000, 0.00000000, 0.00000000, 0.00000000, 0.00000000, 0.09062201, 0.20421521, 0.12889740, 0.18571268, 0.62222249, 0.63205809, 0.20624056, 0.00000000, 0.00000000, 0.00000000, 0.30342033, 0.33226002, 0.15721445, 0.47986827, 0.55059494, 0.49152328, 0.38652240, 0.00000000, 0.00000000, 0.00000000, 0.00000000, 0.00000000
 0.00000000, 0.00000000, 0.00000000, 0.00000000, 0.00000000, 0.00000000, 0.00000000, 0.00000000, 0.00000000, 0.00000000, 0.00000000, 0.00000000, 0.00000000, 0.00000000, 0.00000000, 0.00000000, 0.00000000, 0.00000000, 0.00000000, 0.00000000, 0.00000000, 0.00000000, 0.00000000, 0.00000000, 0.22956203, 0.20915072, 0.23274307, 0.44736450, 0.49859250, 0.16647962, 0.00000000, 0.00000000, 0.00000000, 0.27445219, 0.27619802, 0.15244754, 0.46966317, 0.57508741, 0.51819896, 0.41444348, 0.34216729, 0.00000000, 0.00000000, 0.00000000, 0.00000000
 0.00000000, 0.01822018, 0.03322921, 0.00000000, 0.00000000, 0.00000000, 0.00000000, 0.00000000, 0.00000000, 0.00000000, 0.00000000, 0.16926385, 0.18909020, 0.00000000, 0.00000000, 0.00000000, 0.00000000, 0.00000000, 0.00000000, 0.00000000, 0.00000000, 0.00000000, 0.00000000, 0.00000000, 0.21110801, 0.20532936, 0.21118663, 0.45034518, 0.54213262, 0.34389918, 0.33937901, 0.34868810, 0.17673568, 0.22147175, 0.22365463, 0.13609164, 0.41839480, 0.56526042, 0.51104914, 0.40165117, 0.32843849, 0.00000000, 0.00000000, 0.00000000, 0.00000000
 0.00000000, 0.03490687, 0.09165358, 0.17182904, 0.15630205, 0.12760174, 0.16771884, 0.25145162, 0.21341837, 0.06066603, 0.00000000, 0.06063562, 0.11817333, 0.00000000, 0.00000000, 0.00000000, 0.00000000, 0.00000000, 0.00000000, 0.00000000, 0.00000000, 0.07950768, 0.04592826, 0.00000000, 0.00000000, 0.00000000, 0.23148148, 0.88583724, 0.93615427, 0.29676880, 0.00000000, 0.30955702, 0.58434504, 0.92168480, 0.66607828, 0.53139247, 0.90296250, 0.83945205, 0.74428096, 0.54424966, 0.27974070, 0.11534162, 0.00000000, 0.00000000, 0.00000000
 0.00000000, 0.05190729, 0.11612349, 0.14296410, 0.05549498, 0.10262234, 0.33515031, 0.44314595, 0.42004680, 0.27248533, 0.18758781, 0.11706748, 0.00000000, 0.00000000, 0.00000000, 0.00000000, 0.00000000, 0.00000000, 0.00000000, 0.00000000, 0.00000000, 0.16446314, 0.11987182, 0.00000000, 0.20453514, 0.56467875, 0.77329847, 1.46826702, 2.07579671, 1.05331486, 0.00000000, 1.16516714, 1.09186640, 1.14229702, 1.25523036, 0.98000817, 1.49234409, 1.24538682, 1.21249635, 0.98018206, 0.50419554, 0.13166875, 0.00000000, 0.00000000, 0.00000000
 0.00000000, 0.07697983, 0.18300944, 0.26765789, 0.13959172, 0.00000000, 0.22765983, 0.42042633, 0.32292307, 0.09734427, 0.09338143, 0.12013063, 0.00000000, 0.00000000, 0.00000000, 0.00000000, 0.00000000, 0.00000000, 0.00000000, 0.00000000, 0.19145678, 0.21349481, 0.15070880, 0.00000000, 0.26739946, 0.35205270, 0.45733370, 1.57623147, 2.16114949, 1.14514801, 0.00000000, 1.48190897, 1.49462854, 1.57829482, 1.70070350, 0.99086769, 1.69168127, 1.66978864, 1.71047741, 1.56018899, 1.26560997, 1.01390623, 0.27135310, 0.00000000, 0.00000000
 0.00000000, 0.09222808, 0.17561848, 0.21903289, 0.17656005, 0.15043592, 0.27524450, 0.31409993, 0.23716078, 0.07536348, 0.00000000, 0.00000000, 0.00000000, 0.00000000, 0.00000000, 0.00000000, 0.00000000, 0.00000000, 0.00000000, 0.00000000, 0.00000000, 0.19158064, 0.11880815, 0.00000000, 0.19506719, 0.25955063, 0.32081805, 1.01190357, 1.35444368, 1.55945164, 1.40435264, 1.64989661, 1.21436956, 1.31728779, 1.34013553, 1.04928768, 1.70357030, 1.42826884, 1.52655289, 1.52146191, 1.28348322, 1.10351650, 0.35145695, 0.00000000, 0.00000000
 0.00000000, 0.07749168, 0.12466355, 0.14281658, 0.11079693, 0.09310009, 0.11842663, 0.00000000, 0.00000000, 0.00000000, 0.00000000, 0.00000000, 0.00000000, 0.00000000, 0.00000000, 0.00000000, 0.00000000, 0.00000000, 0.00000000, 0.00000000, 0.00000000, 0.14886534, 0.14534290, 0.00000000, 0.09782992, 0.13151054, 0.17829390, 0.58221994, 0.83861336, 0.49675679, 0.28412804, 0.94250264, 0.70984401, 0.77829660, 0.79213973, 0.60645469, 0.96897476, 0.84252938, 0.92510513, 0.88940091, 0.64171163, 0.54940875, 0.22864811, 0.00000000, 0.00000000
 0.00000000, 0.04771664, 0.07197973, 0.00000000, 0.00000000, 0.00000000, 0.00000000, 0.00000000, 0.00000000, 0.00000000, 0.00000000, 0.00000000, 0.00000000, 0.00000000, 0.00000000, 0.00000000, 0.00000000, 0.00000000, 0.00000000, 0.00000000, 0.00000000, 0.00000000, 0.00000000, 0.00000000, 0.00000000, 0.00000000, 0.12796979, 0.43221618, 0.64466223, 0.74150047, 0.80575690, 0.87857665, 0.70797937, 0.79592864, 0.55862680, 0.30831959, 0.54940316, 0.54945752, 0.55650149, 0.47637831, 0.32754279, 0.23010384, 0.00000000, 0.00000000, 0.00000000
 0.00000000, 0.00000000, 0.00000000, 0.00000000, 0.00000000, 0.00000000, 0.00000000, 0.00000000, 0.00000000, 0.00000000, 0.00000000, 0.00000000, 0.00000000, 0.00000000, 0.00000000, 0.00000000, 0.00000000, 0.00000000, 0.00000000, 0.00000000, 0.00000000, 0.00000000, 0.00000000, 0.00000000, 0.00000000, 0.11023875, 0.26963263, 0.47076898, 0.70205343, 0.77209440, 0.86173268, 1.01869276, 0.89017071, 0.94482706, 0.63242730, 0.46427199, 0.71184248, 0.59622480, 0.56541428, 0.49042162, 0.32720491, 0.19402965, 0.00000000, 0.00000000, 0.00000000
 0.00000000, 0.00000000, 0.00000000, 0.00000000, 0.00000000, 0.00000000, 0.00000000, 0.00000000, 0.00000000, 0.00000000, 0.00000000, 0.06067628, 0.11665366, 0.00000000, 0.00000000, 0.00000000, 0.00000000, 0.00000000, 0.00000000, 0.00000000, 0.00000000, 0.00000000, 0.21630641, 0.18511018, 0.09472537, 0.26574464, 0.32930643, 0.55793037, 0.82184494, 0.88682618, 1.00879878, 1.25594403, 1.47146025, 1.57521900, 0.81510229, 0.59095128, 0.88585147, 0.76906580, 0.75721959, 0.61712800, 0.41674197, 0.24528385, 0.00000000, 0.00000000, 0.00000000
 0.00000000, 0.00000000, 0.00000000, 0.00000000, 0.00000000, 0.00000000, 0.00000000, 0.00000000, 0.00000000, 0.00000000, 0.00000000, 0.00000000, 0.00000000, 0.00000000, 0.00000000, 0.00000000, 0.00000000, 0.00000000, 0.00000000, 0.00000000, 0.00000000, 0.00000000, 0.21777027, 0.20688031, 0.11586899, 0.52475450, 0.87503827, 0.95659512, 1.01746503, 1.11009545, 1.27958377, 1.60210846, 1.95786107, 2.22287142, 1.14576926, 0.82027997, 1.22089243, 1.07768148, 1.07494526, 0.82445909, 0.41019402, 0.15917462, 0.00000000, 0.00000000, 0.00000000
 0.00000000, 0.00000000, 0.00000000, 0.00000000, 0.00000000, 0.00000000, 0.00000000, 0.00000000, 0.00000000, 0.00000000, 0.00000000, 0.00000000, 0.00000000, 0.00000000, 0.00000000, 0.00000000, 0.00000000, 0.00000000, 0.00000000, 0.00000000, 0.00000000, 0.00000000, 0.10714338, 0.21904242, 0.16151167, 0.69849727, 1.22443494, 1.42089987, 1.49068080, 1.58201040, 1.83588657, 2.40561434, 3.19079008, 3.73285062, 1.98820608, 0.54625653, 1.43746809, 1.67237718, 1.60795215, 1.11204482, 0.52058646, 0.15760630, 0.00000000, 0.00000000, 0.00000000
 0.00000000, 0.00000000, 0.00000000, 0.00000000, 0.00000000, 0.00000000, 0.00000000, 0.00000000, 0.00000000, 0.00000000, 0.00000000, 0.00000000, 0.00000000, 0.00000000, 0.00000000, 0.00000000, 0.00000000, 0.00000000, 0.00000000, 0.00000000, 0.00000000, 0.00000000, 0.24077502, 0.33455946, 0.24680260, 1.02761666, 1.81943333, 2.14601843, 2.38762569, 2.81164199, 3.35520508, 4.47648315, 5.78873192, 6.65975276, 3.49016676, 1.64979936, 2.88267594, 2.52081656, 2.31766359, 1.70534208, 1.42762296, 0.67417556, 0.00000000, 0.00000000, 0.00000000
 0.00000000, 0.00000000, 0.00000000, 0.00000000, 0.00000000, 0.00000000, 0.00000000, 0.00000000, 0.00000000, 0.00000000, 0.00000000, 0.00000000, 0.00000000, 0.00000000, 0.00000000, 0.00000000, 0.00000000, 0.00000000, 0.00000000, 0.00000000, 0.00000000, 0.00000000, 0.37095069, 0.54682172, 0.38247133, 1.59555858, 2.78925401, 3.69951835, 4.60992863, 5.40732438, 6.44575774, 8.20270011, 9.37188934, 9.76565808, 4.84822244, 1.02389010, 2.03446851, 3.08270327, 3.86453226, 3.10463597, 2.25251157, 0.86639021, 0.00000000, 0.00000000, 0.00000000
 0.00000000, 0.05589014, 0.09468936, 0.00000000, 0.00000000, 0.00000000, 0.00000000, 0.00000000, 0.00000000, 0.21264435, 0.27901037, 0.33619507, 0.00000000, 0.00000000, 0.00000000, 0.00000000, 0.00000000, 0.00000000, 0.00000000, 0.10951009, 0.00000000, 0.00000000, 0.54451011, 0.46484510, 0.00000000, 1.87801201, 4.96541012, 6.44944313, 7.84313084, 8.32929709, 8.80822781, 9.86886387, 9.97172774, 9.15331198, 4.13989583, 3.68751263, 5.26692373, 3.86980369, 4.06112251, 3.69476923, 3.08440716, 2.31707460, 0.47255221, 0.00000000, 0.00000000
 0.00000000, 0.07556279, 0.09160607, 0.04694719, 0.00000000, 0.21450241, 0.24945278, 0.24514193, 0.22644986, 0.24084308, 0.24005026, 0.20949503, 0.00000000, 0.00000000, 0.00000000, 0.19866860, 0.31542251, 0.12509031, 0.14312129, 0.29177894, 0.00000000, 0.00000000, 0.76034340, 0.76551356, 0.00000000, 2.83010912, 6.93154416, 8.33364635, 9.16354925, 8.99480900, 8.61475969, 8.54028703, 7.87926552, 6.70012527, 2.91789081, 2.40092023, 3.70977195, 2.14383318, 2.85620901, 2.64662330, 2.69145856, 2.93425810, 1.50800902, 0.00000000, 0.00000000
 0.00000000, 0.00000000, 0.15269352, 0.23400888, 0.07972740, 0.13064127, 0.17986268, 0.08861073, 0.00000000, 0.00000000, 0.00000000, 0.40835421, 0.50874900, 0.00000000, 0.54290244, 1.09736944, 0.71571031, 0.18769319, 0.18426121, 0.55249590, 0.00000000, 0.00000000, 0.95993890, 0.88525842, 0.00000000, 2.85812413, 6.22923951, 6.70107123, 6.59023747, 6.21786868, 5.91685925, 6.00027541, 5.61157473, 4.89048844, 2.16767999, 1.44461713, 2.14199192, 1.76369191, 1.79548110, 1.70702442, 1.47851698, 1.48087194, 1.02687261, 0.00000000, 0.00000000
 0.00000000, 0.00000000, 0.04727735, 0.06318319, 0.01886831, 0.13536469, 0.25165187, 0.26463229, 0.00000000, 0.00000000, 0.00000000, 0.30965882, 0.58478095, 0.20256852, 0.47748792, 1.05380764, 0.97364794, 0.62556490, 0.36914337, 0.33545351, 0.00000000, 0.00000000, 0.94438942, 1.70600423, 1.17034699, 3.75672494, 5.00286737, 5.13308500, 5.26175635, 5.19976173, 5.02294363, 5.04692215, 4.91025330, 4.66288591, 2.21602252, 1.44604228, 2.01810487, 1.58671155, 1.64090731, 1.62230955, 1.39974270, 1.34192729, 1.02514979, 0.00000000, 0.00000000
 0.00000000, 0.03908694, 0.13881544, 0.22119539, 0.26854368, 0.36133340, 0.42449719, 0.45456232, 0.40827779, 0.16692374, 0.00000000, 0.00000000, 0.15099350, 0.15908514, 0.40140460, 0.82926638, 0.59547828, 0.19031899, 0.30739444, 0.12000594, 0.12546601, 0.00000000, 0.77739824, 1.31268979, 1.76026090, 3.01434410, 4.34769622, 4.84530853, 5.26166939, 5.40049306, 5.37942966, 5.45505835, 5.23269183, 4.96670681, 2.21154990, 1.34111719, 1.99897563, 1.55723798, 1.58300050, 1.53481569, 1.31391816, 1.17411185, 0.86289560, 0.00000000, 0.00000000
 0.00000000, 0.00000000, 0.17395294, 0.38139854, 0.51154489, 0.58807425, 0.64815653, 0.67650739, 0.60762779, 0.48923022, 0.19576709, 0.00000000, 0.17074041, 0.15040640, 0.34824969, 0.72580137, 0.44956420, 0.35489853, 0.31816344, 0.10411649, 0.13888237, 0.00000000, 0.65223555, 1.13283758, 2.36586770, 3.95988235, 4.76327329, 5.23235430, 5.58067287, 5.79660909, 6.09571694, 6.39772491, 6.10429240, 5.61958221, 2.41217030, 1.47314320, 2.20163033, 1.84397947, 1.82485492, 1.65825568, 1.37244346, 1.22360518, 0.93045590, 0.00000000, 0.00000000
 0.00000000, 0.10865615, 0.48333704, 0.81050135, 0.88590888, 0.93213262, 1.00479946, 1.10725617, 1.02447313, 0.85731883, 0.33856649, 0.00000000, 0.38295527, 0.26456877, 0.32945879, 0.55119291, 0.44044064, 0.42461669, 0.27461128, 0.29356034, 0.13700040, 0.00000000, 0.81725671, 1.92703271, 3.79473107, 4.70836175, 5.09480780, 5.79649979, 6.83724208, 7.41369550, 7.50902102, 7.93992224, 8.08019423, 7.33496953, 4.39558790, 2.15416505, 1.88780751, 1.80308707, 1.94533818, 1.86452635, 1.57863701, 1.49732205, 1.21464955, 0.00000000, 0.00000000
 0.00000000, 0.12697512, 0.45760757, 0.97975674, 1.43179483, 1.40902009, 1.26081322, 1.26162626, 1.22632739, 1.10615901, 0.76474710, 0.25715139, 0.19280056, 0.12853803, 0.00000000, 0.31751507, 0.51348397, 0.33131673, 0.18411980, 0.27345814, 0.11025842, 0.00000000, 0.43590311, 2.07339558, 3.89077562, 5.11069535, 6.18951046, 6.67426873, 7.38498778, 8.61625182, 9.18384162,10.20913659,10.53278111, 8.34648842, 5.80133803, 1.96967921, 2.18548752, 2.05137337, 2.07830420, 1.85517242, 1.61528799, 1.75709347, 1.22759126, 0.00000000, 0.00000000
 0.00000000, 0.39674347, 0.64141195, 0.77881197, 1.00977384, 1.21329374, 1.42471932, 1.50018752, 1.52134220, 1.48140957, 1.50229616, 0.74671727, 0.27851911, 0.55470877, 0.39094566, 0.17310978, 0.39572189, 0.36130890, 0.10155136, 0.35695579, 0.31977061, 0.00000000, 0.85112423, 2.39237106, 4.89279268, 6.19551605, 7.65443124, 9.29988550,11.47412232,13.60332187,14.74673116,16.72825673,17.46023807,13.14573606, 7.17778291, 1.02276929, 2.38355737, 2.52173261, 2.27948462, 2.19818412, 1.88508525, 1.71589214, 1.48582289, 0.00000000, 0.00000000
 0.00000000, 0.35046358, 0.80894313, 1.34362166, 1.62088266, 1.41317648, 1.23889905, 1.11765793, 1.11117952, 1.15854512, 1.04756639, 0.93911232, 0.97561817, 0.89174992, 0.46687335, 0.21769355, 0.42757006, 0.44950345, 0.38831570, 0.67332148, 0.21302378, 0.00000000, 0.98270373, 2.13030911, 4.92670168, 8.17421601,12.35788348,18.42106438,21.76390301,22.17817871,21.57073842,21.31966717,18.42300031,18.65697442,19.48526364, 1.90847419, 1.48746853, 2.17199329, 2.36366596, 2.12820559, 1.99125370, 2.05501140, 1.66161370, 0.00000000, 0.00000000
 0.00000000, 0.44987170, 0.89982868, 1.04502290, 0.95277711, 1.09423340, 1.24848583, 1.15509314, 1.13201892, 1.07084265, 0.80485006, 0.97757970, 1.65280982, 1.64764100, 0.34468567, 0.00000000, 0.36949422, 0.52523692, 0.52950464, 0.61588916, 0.41051672, 0.29814118, 1.19090708, 4.92129969, 6.23779602,12.66789205,19.85618294,28.07352905,31.01018597,30.55940358,30.12982322,29.25895581,29.30056767,30.31244280,23.59034884, 0.00000000, 2.80807294, 2.90482414, 3.55891601, 3.18933950, 3.36533598, 3.49701636, 2.40841750, 0.00000000, 0.00000000
 0.00000000, 0.22642518, 0.90934552, 1.45063124, 1.49005349, 1.43063678, 1.34740542, 1.22669727, 1.15893473, 1.06935329, 0.49968877, 0.53041439, 1.77929499, 2.02286362, 1.65518193, 1.17922435, 0.82497282, 0.79737439, 0.66655749, 0.64459954, 0.63462092, 0.00000000, 1.14071905, 6.04208501,13.83206895,21.13102158,24.35739538,24.88408169,23.23804240,21.31894260,20.43819068,21.03544898,21.16318366,20.95307805,21.99103402, 0.00000000, 6.35411420, 4.21384000, 4.88786738, 4.58813514, 4.23318205, 4.07846085, 2.97377525, 0.00000000, 0.00000000
 0.00000000, 0.25542478, 0.61000252, 0.83952149, 1.16445014, 1.49208695, 1.52576974, 1.47302637, 1.45042225, 1.39700966, 0.65061751, 0.57895711, 1.92878740, 2.62064766, 2.40910267, 1.51680971, 0.65930400, 0.67391931, 0.35100153, 0.54193375, 0.99563560, 0.72183682, 1.30055420, 6.79338868,16.35452951,26.90908770,31.84015102,29.83657438,24.82252167,20.90213349,18.17965006,17.04480841,17.75466582,19.16295852,21.77597894,18.98670905, 2.26524646, 7.00850174, 4.32996353, 6.61742457, 7.01012445, 7.46079562, 4.64290842, 0.00000000, 0.00000000
 0.00000000, 0.25679818, 0.86390882, 1.57452835, 1.74343206, 1.52654092, 1.37668116, 1.32590847, 1.30777309, 0.91949928, 0.28033480, 0.29130969, 1.66340015, 3.57561795, 3.62515823, 2.90842681, 2.11848093, 1.41290438, 1.01992802, 0.79797252, 1.30021168, 0.00000000, 1.56385962, 4.59450783, 0.00000000,12.14675412,20.03387265,17.94865293,17.42582256,13.90655200,12.41311795,12.32199209,12.58158326,12.76695950,14.06016255,12.73199375, 8.96676354,11.18989489,18.94767296,22.58474071,19.98070614,16.99735582, 0.00000000, 0.00000000, 0.00000000
 0.00000000, 0.66330325, 1.19661753, 1.45660780, 1.55081062, 1.85315680, 2.12952884, 2.14879992, 2.08028877, 1.95578303, 0.91627195, 0.48332060, 2.66039395, 4.16030151, 1.27735075, 1.65097248, 2.12036012, 1.15066745, 0.90286155, 0.51948197, 0.89714506, 0.85194634, 2.93868171,11.80770545, 0.00000000, 6.79308793,15.70376098,14.23115533,11.40713978,10.37989324, 9.99306646, 9.61894898, 9.78676634,10.26860282,11.27121474,12.98662308,16.81516722,17.84167235,28.16359299,20.83875462,13.99891237,12.55139050, 6.45087175, 0.00000000, 0.00000000
 0.00000000, 1.25289135, 2.22168762, 2.42849777, 2.56415569, 2.48674735, 2.36812385, 2.29327273, 2.26418380, 2.19276759, 1.05104737, 0.00000000, 2.52929558, 7.22061678, 7.20656618, 5.64608848, 3.89160920, 2.69045887, 1.95793618, 1.49939692, 1.12539803, 2.15050867, 3.92052251, 2.69574325, 8.72497879,14.17391101,18.09176059,14.96399567,11.41852608, 9.93402697, 9.72821537, 9.69474729, 9.58012586, 9.29412034, 9.18092418, 9.29422807,12.42181951,12.84511706,11.03617157, 9.58060524,10.94040425,15.36285246,13.14026242, 0.00000000, 0.00000000
 0.00000000, 0.77091181, 1.94389687, 2.47083742, 3.56535085, 4.69248219, 4.59933782, 4.20624552, 3.85878385, 3.49080111, 2.27433409, 0.94047529, 0.00000000, 4.26272413, 5.88698703, 4.56084915, 3.74341356, 3.02175463, 2.12596629, 1.57052809, 0.95092598, 2.29519635, 4.61194297, 5.71962039, 4.48282731,12.34393506,12.34049212, 9.99002519, 8.43789793, 7.72870881, 7.58860938, 7.20386588, 7.01458319, 7.27796438, 7.92091094, 8.52375089,10.89169283,12.08460741,10.57991904,13.48030110,19.76604468,24.01139997, 0.00000000, 0.00000000, 0.00000000
 0.00000000, 1.38039917, 2.10622295, 2.25161931, 3.10812039, 4.62638317, 6.22517847, 6.45907947, 6.31006525, 5.90870539, 5.25236067, 5.93660523, 9.47436860, 0.00000000, 0.00000000, 3.16606535, 4.07469386, 2.80493276, 2.56152959, 2.38650969, 2.04272089, 3.31626289, 6.23717710,12.34320644,18.90999382,20.16445355,17.79980708,14.94727766,13.12224777,12.38820104,11.67818407,10.64423708,10.26341918,10.65056768,11.16404463,11.74141710,12.64892301,12.72793649,12.05571948,11.72387862,14.17973915,17.17140652, 0.00000000, 0.00000000, 0.00000000
 0.00000000, 2.85019914, 4.05987170, 3.06754227, 4.59704549, 6.20118109, 5.88219788, 5.63092764, 5.40808345, 5.14322461, 4.68226973, 2.78831345, 3.88429457,11.08340887,12.40392124,10.00012154, 7.34345436, 5.18012482, 4.13797497, 3.61570290, 2.34965434, 1.85313999, 4.07809933, 9.25928973,13.01914632,13.49383440,13.43629888,13.45631422,11.69271739,10.22566787, 9.53332020, 9.13010540, 8.84442886, 8.47110659, 8.16038202, 6.40676446, 5.01980993, 6.26835067, 7.83046810, 8.22173713, 8.79027715, 9.49026528, 8.77352921, 0.00000000, 0.00000000
 0.00000000, 0.00000000, 8.87839649,12.62227385,13.34717745,13.25096782,12.24602034,11.19198448,10.14953144, 9.25426998, 8.58981479, 2.85920820, 0.00000000, 7.99226718, 7.65446123, 6.58007554, 5.43672148, 4.40004945, 3.52266742, 3.01571552, 2.82046895, 1.58446206, 2.68064849, 9.21526177, 4.55827884,12.62351465,12.90127396,10.63882472, 9.28595782, 8.90695354, 9.02026489, 8.49147261, 8.38378793, 8.90784000, 9.55316029, 9.24060719, 9.04782825, 9.23993051, 9.13373890,11.34495771,14.19661989,15.43544468, 0.00000000, 0.00000000, 0.00000000
 0.00000000, 0.90354375, 2.98683612, 7.92029113,14.83005934,17.85817295,18.75883733,18.94472288,18.25218444,17.19681367,16.16157977,15.58384662,17.59920972,12.90788287,12.49114597, 8.93334483, 6.45206237, 5.08666142, 4.62542292, 4.39462145, 4.63336728, 5.67077250, 8.40515319,15.00317718,21.17250506,22.75864730,22.41107514,20.70137793,18.23808941,16.51827306,15.96626171,15.47385494,15.47050926,16.04624091,16.41838674,14.04902323,11.53870901,13.60057233,12.72152209, 9.28200538,10.36775492,13.95940479, 0.00000000, 0.00000000, 0.00000000
 0.00000000, 1.52708184, 3.84908765, 5.80599242, 6.49909354, 8.68245752,12.87758195,14.43419308,14.93043149,14.94920950,14.64299613,14.33317923,14.93707937,16.38089552,17.50074199,15.92730394,12.44080485,10.15174097, 8.65984993, 7.36391707, 6.82244454, 8.09461794, 7.64181630,12.68356222,13.71570897,14.80230649,18.60963476,20.43966749,18.69480254,16.61790285,15.42622163,15.08969029,15.07504354,14.60920136,13.80308671,13.13434163,11.74140842, 7.94173849, 6.76676610, 7.02199862, 6.70035340, 7.06684075, 0.00000000, 0.00000000, 0.00000000
 0.00000000, 1.18814900, 4.10588663, 7.10092796, 7.08346063, 5.64549107, 5.55874486, 5.52831380, 5.12017649, 4.60859846, 3.91300955, 3.54664724, 3.16335234, 3.17142181, 3.29708995, 3.32094288, 3.14581589, 2.94835282, 2.66562192, 2.21645841, 1.75858371, 2.11995202, 2.84313154, 9.85024573, 9.44987175, 7.80510331, 7.22221071, 6.52014713, 5.91830515, 5.12992916, 4.78918601, 4.78472649, 4.70689073, 4.80594149, 4.86824921, 4.35904537, 6.44693931, 7.97342341, 9.00571953,12.24949357,12.83313958,13.05853482,12.89545175, 0.00000000, 0.00000000
 0.00000000, 0.94285016, 2.80446667, 9.38853995,17.21322679,12.57607972,18.56010319,19.63826614,18.99054343,17.66208355, 6.39964867,14.66328810,13.28352937, 8.89828035, 4.88208720, 3.93647916, 3.57585957, 4.82855659, 6.69286148, 5.89507709, 4.23756823, 4.33826789, 3.66194480,11.90106882,17.78148526,24.31760327,27.13698787,22.92001669,21.07588422,19.49705428,18.52854944,18.00107403, 6.80480169, 7.11541354, 7.41238080, 7.56785763,10.15865184,16.35015501,21.06412654,24.05524045,25.82187445,24.68324454,23.55582266, 0.00000000, 0.00000000
 0.00000000, 0.91158757, 2.38954736, 4.46730683, 6.26052378, 7.85954121,25.76228882,30.04340530,30.52175197,29.76081302,10.43911599,26.64020669,25.85899920,23.83779761,18.42391359,15.23806248,13.32937195,12.30701406,13.32442028,13.42610665,12.56066229,11.95138401, 6.06846975,20.22370946,26.80745580,35.26460994,42.84729622,43.76395380,41.59086358,38.16892242,35.27901892,33.48506325,11.82030445,11.82258409,11.94502153,11.98405809,15.21207331,23.03566798,27.25773128,25.98066100,24.05811076,23.05982203,21.81823401, 0.00000000, 0.00000000
 0.00000000, 1.47012471, 2.06546085, 2.72077648, 3.78875565, 5.28645301,18.28960608,20.54745182,21.37812079,21.21760079, 7.73467643,19.60431957,19.76913597,22.47387680,22.84254483,20.87123890,20.84797852,19.53643687,19.96396374,20.56157062,18.48450717,17.86615898, 7.42108738,17.45163425,15.22989621,18.18899409,30.76021813,37.77452931,35.95268615,31.71913977,29.36906589,29.20580903,10.78343122,10.19497255, 9.50831871, 8.93780560, 7.67796307, 8.40114264,11.18563005,11.28632810,10.44987533, 9.74583307, 8.44987244, 0.00000000, 0.00000000
 0.00000000, 0.89310861, 2.99911835, 4.12399643, 4.25293291, 4.72132795, 8.16493356, 9.05607413, 8.88290941, 8.56684051, 3.96512995, 6.30890793, 6.63782503,10.45948094,11.54054423,11.86537917,12.80234525,12.67357084,13.10825617,13.19962887,11.28583433, 8.75852096, 5.68962032, 5.05884993, 6.33032674, 8.60923838,14.27371304,18.50362618,15.20126545,12.21145394,11.78880945,11.99257750, 5.70397964, 5.48154297, 5.35130083, 5.20215823, 5.29831586, 4.85898647, 5.29276911, 6.68519902, 6.73713006, 6.09747563, 5.58012180, 0.00000000, 0.00000000
 0.00000000, 2.05629302, 5.94230034, 9.31691458,10.65372402,12.11831368,12.47180515,12.56230635,11.92650273, 9.94869639, 8.26984253, 5.24508951, 2.10254266, 1.21462258, 2.85424309, 3.93413533, 4.22528904, 2.25428681, 0.00000000, 3.04766669, 1.60176949, 3.11746418, 7.13401553, 9.37851805,10.03067014,10.66507402,12.00165234,11.85358951,11.42296173,11.21803968,10.41445378,10.06787478,10.05402103,10.50318200,10.96919791,11.34024100,10.56236780, 8.99522850, 8.75774186,11.61013865,14.44463078,14.64426261,14.16190469, 0.00000000, 0.00000000
 0.00000000, 4.55713269,10.17781200,18.35725841,25.83694069,25.82945804,26.54767139,27.89376294,26.66692844,23.73521469,20.27231723,17.49809259,12.37789443, 3.62294206, 4.44718355, 9.07775227,16.62840717,19.46709058,19.36610936,17.13787092,13.23730633,12.27569211,15.86166875,26.88391910,36.01987111,36.83172330,34.26845729,31.23030721,28.22540660,26.38511054,24.54855209,22.65212758,21.67726370,22.28764959,23.58783196,24.83019788,24.98721149,24.19888045,24.48120192,27.32411040,29.98976538,29.35288254,27.38936079, 0.00000000, 0.00000000
 0.00000000, 5.61454324,15.12714604,21.23235315,22.39122369,32.46758235,40.14019004,41.09471016,40.26326670,37.03549494,32.62571822,28.46824922,26.65655858,25.52865520,22.26541763,21.30194974,26.18510322,32.03106540,36.58991470,38.60568567,33.62082229,26.32074256,26.85338050,38.95936188,54.66719674,54.86710826,49.69444584,48.76330152,46.64515206,45.12074775,43.00213494,40.98828790,39.80066648,39.50863734,39.42839404,39.36300417,39.04957323,34.33672026,31.67226559,33.47393861,33.76234158,33.34107041,31.68205454, 0.00000000, 0.00000000
