 0.0000000000, 0.0718888307, 0.3208032404, 0.4566797522, 0.3279061166, 0.2943105830, 0.1563362289, 0.0000000000, 0.2245011817, 0.6618266566, 0.4692253767, 0.1619184670, 0.0938195604, 0.0000000000, 0.0000000000, 0.0460241361, 0.0727247112, 0.0000000000, 0.0000000000, 0.0000000000, 0.0000000000, 0.0000000000, 0.0000000000, 0.0000000000, 0.0000000000, 0.0000000000, 0.0000000000, 0.0000000000, 0.1047705319, 0.1106335044, 0.0000000000, 0.0000000000, 0.0000000000, 0.0000000000, 0.0000000000, 0.0000000000, 0.0000000000, 0.0000000000, 0.0000000000
 0.0000000000, 0.0000000000, 0.3830272895, 0.6796272295, 0.4905203887, 0.1312372036, 0.0571685211, 0.0464616030, 0.0000000000, 0.3515818519, 0.4454215798, 0.1424533204, 0.0351486407, 0.0000000000, 0.0000000000, 0.0000000000, 0.0000000000, 0.0000000000, 0.0000000000, 0.0000000000, 0.0000000000, 0.0000000000, 0.0000000000, 0.0000000000, 0.0000000000, 0.0000000000, 0.0000000000, 0.1268773211, 0.1449753187, 0.1556277901, 0.0000000000, 0.0000000000, 0.0000000000, 0.0000000000, 0.0000000000, 0.0000000000, 0.0000000000, 0.0000000000, 0.0000000000
 0.0000000000, 0.0000000000, 0.0000000000, 0.2574744926, 0.3501407854, 0.2546206227, 0.2427176716, 0.0803958237, 0.2614991818, 0.3853872237, 0.1718784759, 0.0850010931, 0.0125610720, 0.0000000000, 0.0000000000, 0.0217058749, 0.0318430016, 0.0000000000, 0.0000000000, 0.0000000000, 0.0000000000, 0.0000000000, 0.0000000000, 0.0000000000, 0.0000000000, 0.1030140961, 0.1248677509, 0.1214977857, 0.1539572678, 0.1618519210, 0.0929878188, 0.0000000000, 0.0000000000, 0.0000000000, 0.0000000000, 0.0000000000, 0.0000000000, 0.0000000000, 0.0000000000
 0.0000000000, 0.0000000000, 0.0000000000, 0.0260002427, 0.0717580425, 0.2123130973, 0.3435738269, 0.2110514639, 0.3277482823, 0.8168615063, 0.7686051405, 0.2367634181, 0.0041792217, 0.0000000000, 0.0000000000, 0.0196404985, 0.0353128202, 0.0000000000, 0.0000000000, 0.0000000000, 0.0000000000, 0.0000000000, 0.0000000000, 0.0000000000, 0.0000000000, 0.0453862744, 0.1137701987, 0.1339684765, 0.1658230815, 0.1762441812, 0.1254269797, 0.0000000000, 0.0000000000, 0.0000000000, 0.0000000000, 0.0000000000, 0.0000000000, 0.0000000000, 0.0000000000
 0.0000000000, 0.0000000000, 0.2284584996, 0.1972550094, 0.0191700372, 0.1659213893, 0.2323897304, 0.3088180874, 0.3705942401, 0.4838857576, 0.4433990188, 0.0974454558, 0.0154490925, 0.0000000000, 0.0000000000, 0.0097605888, 0.0211442329, 0.0000000000, 0.0000000000, 0.0000000000, 0.0000000000, 0.0923754228, 0.1489498209, 0.0000000000, 0.0720170074, 0.1348300934, 0.1493972770, 0.1494316673, 0.1637497724, 0.1344958430, 0.1035040319, 0.0000000000, 0.0000000000, 0.0000000000, 0.0000000000, 0.0000000000, 0.0000000000, 0.0000000000, 0.0000000000
 0.0000000000, 0.0000000000, 0.1306824823, 0.2247443013, 0.1173288740, 0.0000000000, 0.3015066552, 0.3080123976, 0.0000000000, 0.1194867517, 0.3698978300, 0.3093927011, 0.0934937419, 0.0000000000, 0.0000000000, 0.0000000000, 0.0000000000, 0.0000000000, 0.0000000000, 0.0000000000, 0.0000000000, 0.0000000000, 0.0000000000, 0.0000000000, 0.0803858206, 0.1028985302, 0.0525366463, 0.0834780571, 0.1019740500, 0.0000000000, 0.0000000000, 0.0000000000, 0.0000000000, 0.0000000000, 0.0000000000, 0.0000000000, 0.0000000000, 0.0000000000, 0.0000000000
 0.0000000000, 0.1051297849, 0.0838849200, 0.0000000000, 0.0000000000, 0.0824914968, 0.1881715579, 0.2682072777, 0.2838547605, 0.1746187877, 0.1111484344, 0.0829688968, 0.0236269372, 0.0000000000, 0.0000000000, 0.0000000000, 0.0000000000, 0.0000000000, 0.0000000000, 0.0000000000, 0.0000000000, 0.0000000000, 0.0000000000, 0.0000000000, 0.0000000000, 0.0000000000, 0.1242461615, 0.1260780692, 0.0000000000, 0.0000000000, 0.0000000000, 0.0000000000, 0.0000000000, 0.0000000000, 0.0000000000, 0.0000000000, 0.0000000000, 0.0000000000, 0.0000000000
 0.0000000000, 0.0000000000, 0.1382559421, 0.1717849819, 0.1688196766, 0.3851301906, 0.3232184820, 0.2006109482, 0.1550194807, 0.1188677564, 0.1122196145, 0.0708454652, 0.0283415915, 0.0000000000, 0.0000000000, 0.0000000000, 0.0000000000, 0.0000000000, 0.0000000000, 0.0000000000, 0.0000000000, 0.0000000000, 0.0000000000, 0.0000000000, 0.0000000000, 0.0000000000, 0.0000000000, 0.0000000000, 0.0000000000, 0.0000000000, 0.0000000000, 0.0000000000, 0.0000000000, 0.0000000000, 0.0000000000, 0.0000000000, 0.0000000000, 0.0000000000, 0.0000000000
 0.0000000000, 0.1443234115, 0.2188090879, 0.2607827700, 0.4274776563, 0.4950705075, 0.3138941481, 0.1730681211, 0.1078531861, 0.0459966905, 0.0412021568, 0.0582502278, 0.0365061640, 0.0000000000, 0.0000000000, 0.0000000000, 0.0000000000, 0.0000000000, 0.0000000000, 0.0000000000, 0.0000000000, 0.0000000000, 0.0000000000, 0.0000000000, 0.0000000000, 0.0000000000, 0.0000000000, 0.0000000000, 0.0000000000, 0.0000000000, 0.0000000000, 0.0000000000, 0.0000000000, 0.0000000000, 0.0000000000, 0.0000000000, 0.0000000000, 0.0000000000, 0.0000000000
 0.0000000000, 0.0856099376, 0.2982766275, 0.3230856271, 0.2634397562, 0.3875462047, 0.3169746897, 0.1562368268, 0.0722879621, 0.0513971322, 0.0200619891, 0.0322757459, 0.0549730436, 0.0000000000, 0.0000000000, 0.0000000000, 0.0000000000, 0.0000000000, 0.0000000000, 0.0000000000, 0.0000000000, 0.0000000000, 0.0000000000, 0.0000000000, 0.0000000000, 0.0000000000, 0.0000000000, 0.0000000000, 0.0000000000, 0.0000000000, 0.0000000000, 0.0000000000, 0.0000000000, 0.0000000000, 0.0000000000, 0.0000000000, 0.0000000000, 0.0000000000, 0.0000000000
 0.0000000000, 0.0000000000, 0.0295999691, 0.1360100900, 0.1548466254, 0.2474727483, 0.2591535581, 0.1543742153, 0.1013308816, 0.0817093729, 0.0334217358, 0.0264839441, 0.0369440459, 0.0000000000, 0.0000000000, 0.0000000000, 0.0000000000, 0.0000000000, 0.0000000000, 0.0000000000, 0.0000000000, 0.0000000000, 0.0000000000, 0.0000000000, 0.0000000000, 0.0000000000, 0.0000000000, 0.0000000000, 0.0000000000, 0.0000000000, 0.0000000000, 0.0000000000, 0.0000000000, 0.0000000000, 0.0000000000, 0.0000000000, 0.0000000000, 0.0000000000, 0.0000000000
 0.0000000000, 0.0863525090, 0.0692028428, 0.1063352671, 0.1452371296, 0.0878450856, 0.0935207170, 0.1450283060, 0.1894161286, 0.1049854689, 0.0000000000, 0.0000000000, 0.0000000000, 0.0000000000, 0.0000000000, 0.0000000000, 0.0000000000, 0.0000000000, 0.0000000000, 0.0000000000, 0.0000000000, 0.0000000000, 0.0000000000, 0.0000000000, 0.0000000000, 0.0000000000, 0.0000000000, 0.0000000000, 0.0000000000, 0.0000000000, 0.0000000000, 0.0000000000, 0.0000000000, 0.0000000000, 0.0000000000, 0.0000000000, 0.0000000000, 0.0000000000, 0.0000000000
 0.0000000000, 0.0292964298, 0.0501792467, 0.0549323768, 0.0240670554, 0.0178207355, 0.0455509349, 0.1082002225, 0.1689739313, 0.1444838751, 0.0603957000, 0.0155776120, 0.0024480847, 0.0000000000, 0.0000000000, 0.0000000000, 0.0000000000, 0.0000000000, 0.0000000000, 0.0000000000, 0.0000000000, 0.0000000000, 0.0000000000, 0.0000000000, 0.0000000000, 0.0000000000, 0.0000000000, 0.0000000000, 0.0000000000, 0.1179319959, 0.1874371142, 0.2489125202, 0.2432954595, 0.2064032972, 0.0000000000, 0.0000000000, 0.0000000000, 0.0000000000, 0.0000000000
 0.0000000000, 0.0000000000, 0.1298867831, 0.1786474101, 0.0797875852, 0.0963422452, 0.1233311883, 0.1166444282, 0.1075071005, 0.0725681045, 0.0526908521, 0.0347335236, 0.0076406788, 0.0000000000, 0.0000000000, 0.0000000000, 0.0000000000, 0.0000000000, 0.0000000000, 0.0000000000, 0.0000000000, 0.0000000000, 0.0000000000, 0.0000000000, 0.0000000000, 0.0000000000, 0.0000000000, 0.0889752085, 0.1920460897, 0.2248294327, 0.3464051913, 0.4450188706, 0.3965834892, 0.3020519938, 0.2293481256, 0.0000000000, 0.0000000000, 0.0000000000, 0.0000000000
 0.0000000000, 0.0291604765, 0.0339800466, 0.0220780603, 0.0430867372, 0.0916241055, 0.1141229821, 0.0662227945, 0.0582743347, 0.0598091071, 0.0289317833, 0.0126338731, 0.0000000000, 0.0000000000, 0.0000000000, 0.0000000000, 0.0000000000, 0.0000000000, 0.0000000000, 0.0000000000, 0.0000000000, 0.1366162244, 0.2350462836, 0.2941944841, 0.1665954383, 0.0000000000, 0.0000000000, 0.0829343700, 0.3240956917, 0.4842346587, 0.5486850703, 0.6354825411, 0.5951870585, 0.4234144817, 0.2435760693, 0.1239310512, 0.0000000000, 0.0000000000, 0.0000000000
 0.0000000000, 0.0555656345, 0.0386084645, 0.0149881910, 0.0077958353, 0.0000000000, 0.0246251546, 0.0648359442, 0.0433505000, 0.0157461101, 0.0045081628, 0.0042486024, 0.0000000000, 0.0000000000, 0.0000000000, 0.0000000000, 0.0484436226, 0.0629207659, 0.0782749491, 0.1755977656, 0.1399726750, 0.1553305550, 0.3312190560, 0.4235126611, 0.2333741059, 0.0000000000, 0.1085324384, 0.3908363776, 0.5882906439, 0.6698134179, 0.7826868676, 0.6985067077, 0.5675999249, 0.4246750205, 0.2909346017, 0.0000000000, 0.0000000000, 0.0000000000, 0.0000000000
 0.0000000000, 0.0174852487, 0.0182402951, 0.0426709471, 0.0333537787, 0.0000000000, 0.0197491144, 0.0250090176, 0.0168003777, 0.0159983667, 0.0172240589, 0.0127173051, 0.0042504682, 0.0000000000, 0.0000000000, 0.0000000000, 0.0459789118, 0.0577772411, 0.0753275429, 0.1737029992, 0.0964128693, 0.0952346356, 0.2657829544, 0.3423656109, 0.1941185358, 0.0000000000, 0.2311461039, 0.5024278772, 0.5359033449, 0.5445915931, 0.5641888240, 0.5004007201, 0.4242567912, 0.3333024789, 0.2368115255, 0.0000000000, 0.0000000000, 0.0000000000, 0.0000000000
 0.0000000000, 0.0000000000, 0.0000000000, 0.0000000000, 0.0243778035, 0.0367839002, 0.0459247774, 0.0771526176, 0.0875473711, 0.0719381486, 0.0564343713, 0.0208268380, 0.0036771035, 0.0033816642, 0.0000000000, 0.0000000000, 0.0501051412, 0.1206630671, 0.0000000000, 0.0000000000, 0.0000000000, 0.0000000000, 0.0000000000, 0.2034108935, 0.0884590356, 0.0524883606, 0.2022409550, 0.3299340915, 0.3887468029, 0.4365490697, 0.4518640158, 0.3706898035, 0.3088434378, 0.2632206751, 0.0000000000, 0.0000000000, 0.0000000000, 0.0000000000, 0.0000000000
 0.0000000000, 0.0000000000, 0.0000000000, 0.0081305512, 0.0196055814, 0.0099426670, 0.0165076094, 0.0573537980, 0.0791060317, 0.0799022836, 0.0698629946, 0.0463964749, 0.0132573885, 0.0000000000, 0.0000000000, 0.0458218244, 0.1270178283, 0.1065113644, 0.1150280888, 0.1968005465, 0.1369477768, 0.0955234345, 0.1594528308, 0.2203403170, 0.1722155825, 0.0680532836, 0.2512295608, 0.3918246645, 0.4669147213, 0.5574667130, 0.5839165340, 0.4779542527, 0.3567317826, 0.2969283191, 0.2456451100, 0.2010982825, 0.0000000000, 0.0000000000, 0.0000000000
 0.0000000000, 0.0126106734, 0.0239099165, 0.0290906370, 0.0153239961, 0.0040856125, 0.0283025682, 0.0650073368, 0.0657204376, 0.0551346827, 0.0200507534, 0.0056466822, 0.0065971388, 0.0020577546, 0.0000000000, 0.0420570909, 0.2038727071, 0.1795387447, 0.1918576654, 0.3746418774, 0.2265847645, 0.1881952269, 0.3082572758, 0.4552651647, 0.5297943945, 0.3376914418, 0.4658809624, 0.7101209633, 0.7970795704, 0.9290788247, 0.9542876191, 0.7818953003, 0.6014775637, 0.5148042602, 0.4392969961, 0.1898973977, 0.0000000000, 0.0000000000, 0.0000000000
 0.0000000000, 0.0000000000, 0.0000000000, 0.0045852092, 0.0084068049, 0.0149876003, 0.0325767972, 0.0576290957, 0.0314085673, 0.0255785486, 0.0463830004, 0.0238199504, 0.0023601529, 0.0000000000, 0.0000000000, 0.0516380201, 0.2808243321, 0.2431791594, 0.2609321738, 0.5296335031, 0.5043146982, 0.4818260314, 0.5756574276, 0.8754255179, 1.3393503886, 0.8241857859, 0.6720367486, 1.3809523521, 1.5094844407, 1.6502011714, 1.5260857490, 1.3031255578, 1.1847178965, 1.0700310180, 0.9244689545, 0.3883985073, 0.0000000000, 0.0000000000, 0.0000000000
 0.0000000000, 0.0000000000, 0.0000000000, 0.0000000000, 0.0097361838, 0.0094898933, 0.0041301545, 0.0126972880, 0.0179336358, 0.0265100847, 0.0175558569, 0.0022426904, 0.0000000000, 0.0000000000, 0.0000000000, 0.0542405472, 0.2719364915, 0.2287803835, 0.2483971488, 0.5054646487, 0.5277081400, 0.6109820430, 0.7703227312, 1.0967779108, 1.5922652643, 0.9811542746, 0.0000000000, 1.0180512961, 2.0057720777, 2.0971028721, 1.9232038048, 1.6229455708, 1.6234902437, 1.2705677444, 0.9885125119, 0.4132851873, 0.0000000000, 0.0000000000, 0.0000000000
 0.0000000000, 0.0174957677, 0.0246892830, 0.0132356871, 0.0143376307, 0.0175588082, 0.0075816839, 0.0029255222, 0.0000000000, 0.0090980180, 0.0286548555, 0.0147945978, 0.0021790589, 0.0000000000, 0.0000000000, 0.0424444697, 0.1952112116, 0.1592517881, 0.1664773189, 0.3464809795, 0.3815636161, 0.4716238406, 0.6504821304, 0.8544786130, 1.1430528697, 0.7400040117, 0.0000000000, 1.1891802457, 2.2381363070, 2.0042039580, 1.9460772562, 1.6194333900, 1.3823314855, 1.0939295861, 0.9000435318, 0.4686304918, 0.1217963072, 0.0000000000, 0.0000000000
 0.0000000000, 0.0000000000, 0.0123763062, 0.0090006988, 0.0059080785, 0.0293452743, 0.0270619780, 0.0108636090, 0.0000000000, 0.0000000000, 0.0000000000, 0.0020338218, 0.0019244070, 0.0000000000, 0.0000000000, 0.0393225647, 0.1157424530, 0.0960790973, 0.1044280912, 0.2145787002, 0.2256610512, 0.3003731577, 0.4412279034, 0.5635782308, 0.7219533949, 0.4484347917, 0.0000000000, 0.7112236746, 1.4333705325, 1.4526498864, 1.6090851133, 1.3367050701, 1.0328759784, 0.7483219763, 0.6006740402, 0.2883746902, 0.0871851836, 0.0000000000, 0.0000000000
 0.0000000000, 0.0000000000, 0.0044202442, 0.0033925768, 0.0000000000, 0.0000000000, 0.0059536230, 0.0169685302, 0.0109526949, 0.0043107220, 0.0000000000, 0.0000000000, 0.0000000000, 0.0000000000, 0.0000000000, 0.0307875310, 0.0916901434, 0.0720387088, 0.0820498865, 0.1745114534, 0.1644953374, 0.2271479262, 0.3645009837, 0.4875388652, 0.6728305257, 0.4276087382, 0.0000000000, 0.3856728515, 1.0224711729, 1.3182416345, 1.2664787988, 0.9994780531, 0.7756878853, 0.5853407209, 0.4352996657, 0.1574008826, 0.0000000000, 0.0000000000, 0.0000000000
 0.0000000000, 0.0000000000, 0.0000000000, 0.0000000000, 0.0000000000, 0.0010089711, 0.0010943455, 0.0034840442, 0.0362435409, 0.0531544870, 0.0335168837, 0.0162803861, 0.0065507784, 0.0079438756, 0.0000000000, 0.0251803105, 0.0786367923, 0.0946081274, 0.1108538033, 0.1611713400, 0.1552089963, 0.2379727405, 0.4152628763, 0.5838875786, 0.8042815017, 0.5135651119, 0.1620709364, 0.6289232763, 1.1518075209, 1.4476360482, 1.4562051019, 1.1617583630, 0.8631919386, 0.6751993984, 0.4790565792, 0.2171720130, 0.0779781730, 0.0000000000, 0.0000000000
 0.0000000000, 0.0232783733, 0.0099222030, 0.0000000000, 0.0000000000, 0.0000000000, 0.0000000000, 0.0000000000, 0.0112234297, 0.0225292703, 0.0289741769, 0.0199924325, 0.0000000000, 0.0000000000, 0.0000000000, 0.0276462153, 0.0698005015, 0.1099420920, 0.1324643494, 0.1513180797, 0.1625077839, 0.2576368677, 0.4543419156, 0.6873884727, 1.0052027445, 1.2526548156, 0.6589818470, 0.4551071933, 1.3472010152, 1.8436850947, 1.8151491879, 1.3763080455, 1.0588875843, 0.8886775325, 0.6186031864, 0.2621547592, 0.0994139826, 0.0000000000, 0.0000000000
 0.0000000000, 0.0516877984, 0.0244125643, 0.0000000000, 0.0000000000, 0.0000000000, 0.0000000000, 0.0000000000, 0.0166738732, 0.0194212856, 0.0000000000, 0.0000000000, 0.0000000000, 0.0000000000, 0.0000000000, 0.0301290855, 0.0809908727, 0.1242043464, 0.1404773107, 0.1572627075, 0.1580586299, 0.2617133674, 0.5233803242, 0.8861779894, 1.3531742055, 1.7733832676, 0.9692435583, 1.0871613625, 2.2431201327, 2.1550390196, 2.1126982160, 1.7022997691, 1.4373418278, 1.2522571985, 0.8954272538, 0.2584380601, 0.0000000000, 0.0000000000, 0.0000000000
 0.0000000000, 0.0000000000, 0.0000000000, 0.0000000000, 0.0000000000, 0.0000000000, 0.0000000000, 0.0000000000, 0.0000000000, 0.0000000000, 0.0000000000, 0.0000000000, 0.0000000000, 0.0000000000, 0.0000000000, 0.0291062475, 0.0867297149, 0.1361405011, 0.1552230956, 0.1662746955, 0.1694536225, 0.3265389321, 0.7272500618, 1.3306894204, 2.0281743270, 2.7149414871, 3.2423403171, 3.8471469673, 3.7269876034, 3.4067810763, 3.4369709511, 2.7904644500, 2.4680120407, 2.0774968235, 1.5434815882, 0.8213510432, 0.2170610670, 0.0000000000, 0.0000000000
 0.0000000000, 0.0000000000, 0.0000000000, 0.0000000000, 0.0000000000, 0.0026359614, 0.0022069364, 0.0000000000, 0.0000000000, 0.0000000000, 0.0000000000, 0.0000000000, 0.0000000000, 0.0000000000, 0.0000000000, 0.0393284865, 0.0920646687, 0.1382769763, 0.1669640877, 0.1889112716, 0.2015618795, 0.4377907596, 0.7208249806, 1.4998298394, 3.3604217039, 4.7276037177, 6.0507174995, 6.8581599502, 6.6624658883, 6.2204873932, 5.3374516288, 3.2985177112, 2.8762965020, 2.1835554717, 0.4832163077, 0.5936890891, 0.4879959837, 0.0000000000, 0.0000000000
 0.0000000000, 0.0000000000, 0.0000000000, 0.0000000000, 0.0000000000, 0.0014875199, 0.0014629325, 0.0007129528, 0.0007763781, 0.0000000000, 0.0000000000, 0.0000000000, 0.0000000000, 0.0000000000, 0.0000000000, 0.0000000000, 0.0729736907, 0.1646001839, 0.1906885510, 0.1949620458, 0.1012009861, 0.1335067040, 0.9876919648, 3.4910640121, 6.5079632082, 8.6574158454, 8.9468656114, 9.1011053586, 9.6442656035, 8.3458758644, 6.1865278216, 4.7240658728, 3.8726996905, 3.3463704997, 3.9146596842, 3.2343940134, 0.0000000000, 0.0000000000, 0.0000000000
 0.0000000000, 0.0000000000, 0.0000000000, 0.0000000000, 0.0067801032, 0.0029829230, 0.0000000000, 0.0000000000, 0.0000000000, 0.0000000000, 0.0000000000, 0.0000000000, 0.0000000000, 0.0000000000, 0.0000000000, 0.0000000000, 0.0859830608, 0.2606215654, 0.2845502916, 0.2777242071, 0.2089344346, 0.6250620964, 2.5303779684, 6.5259952781,11.3553582408,11.3014349697, 8.8984961163, 8.8655813249, 8.3332772857, 6.4743321932, 4.7618047463, 3.7392181769, 3.1679182537, 2.8244945285, 2.2062599263, 1.6182034823, 0.8456542167, 0.0000000000, 0.0000000000
 0.0000000000, 0.0000000000, 0.0000000000, 0.0000000000, 0.0000000000, 0.0030135081, 0.0035011416, 0.0000000000, 0.0000000000, 0.0000000000, 0.0000000000, 0.0000000000, 0.0000000000, 0.0000000000, 0.0000000000, 0.0000000000, 0.1411007688, 0.4816673721, 0.5457215871, 0.5084363774, 0.5002080083, 1.5870091011, 5.2616418080,10.1592590615,12.8692943592,10.9201676097, 6.9468043307, 5.3998892816, 5.3211367169, 4.6714192865, 3.5368972164, 2.7810317954, 2.2353870065, 1.9182691002, 1.7114083992, 1.3821053653, 1.3063830460, 0.3779093506, 0.0000000000
 0.0000000000, 0.0000000000, 0.0000000000, 0.0000000000, 0.0000000000, 0.0000000000, 0.0000000000, 0.0000000000, 0.0000000000, 0.0014147437, 0.0081819495, 0.0079050477, 0.0000000000, 0.0000000000, 0.0000000000, 0.0000000000, 0.1674082978, 0.6794882651, 0.7343544465, 0.7254931536, 0.8297684509, 2.6432173252, 7.8922606952,12.0074678453,10.6932684205, 7.3353023032, 5.5262922483, 5.1384176225, 4.8729592659, 4.0051661858, 3.0605729670, 2.2718212127, 1.8687514485, 1.6876631242, 1.5167115247, 1.2107870694, 1.0638067285, 0.4016096896, 0.0000000000
 0.0000000000, 0.0000000000, 0.0000000000, 0.0000000000, 0.0000000000, 0.0000000000, 0.0000000000, 0.0000000000, 0.0000000000, 0.0166857769, 0.0111172543, 0.0023180194, 0.0013128789, 0.0000000000, 0.0000000000, 0.0000000000, 0.1478748199, 0.6753503293, 0.9901179501, 1.1105240171, 1.1054298184, 3.1821028633, 7.6906443047, 9.3045426247, 6.9205099076, 5.4432176408, 5.0703714187, 5.0269585895, 4.7149929171, 3.5180016610, 2.6521417970, 2.8562155073, 2.1956603925, 1.4341421155, 1.3265951919, 1.2203478367, 1.1714699085, 0.0000000000, 0.0000000000
 0.0000000000, 0.0000000000, 0.0000000000, 0.0000000000, 0.0000000000, 0.0000000000, 0.0000000000, 0.0000000000, 0.0000000000, 0.0000000000, 0.0000000000, 0.0000000000, 0.0000000000, 0.0000000000, 0.0189885121, 0.0133117001, 0.1364473144, 0.5538744089, 0.8737096429, 1.0915500533, 1.2123496587, 3.4562147391, 5.4763235958, 4.7515841946, 5.5866806937, 6.3822602369, 5.7662397862, 5.5373748778, 4.8664094958, 3.8163688958, 2.8611719072, 2.8686245710, 2.1832820223, 1.1982249182, 1.1869625358, 1.3007550174, 1.1487584730, 0.0000000000, 0.0000000000
 0.0000000000, 0.0000000000, 0.0000000000, 0.0000000000, 0.0000000000, 0.0000000000, 0.0000000000, 0.0000000000, 0.0000000000, 0.0000000000, 0.0000000000, 0.0000000000, 0.0000000000, 0.0000000000, 0.0000000000, 0.0000000000, 0.2637000639, 0.6188569142, 0.6182546902, 0.7918113121, 0.9661111469, 3.1725450556, 6.5373015474, 8.2313614438, 9.3337207173, 9.2803580515, 7.7332121361, 6.9153394686, 6.0149194074, 4.7216295223, 3.4251753774, 3.2519022440, 2.6021170759, 1.4496353459, 1.3516956198, 1.5525437958, 1.3912659399, 0.0000000000, 0.0000000000
 0.0000000000, 0.0000000000, 0.0000000000, 0.0000000000, 0.0000000000, 0.0000000000, 0.0000000000, 0.0000000000, 0.0000000000, 0.0000000000, 0.0000000000, 0.0000000000, 0.0000000000, 0.0000000000, 0.0000000000, 0.0000000000, 0.2849765524, 0.7346106086, 0.7621180346, 0.5526271565, 0.5191365501, 2.4562819394, 5.5329738406, 7.5223873373, 9.1211945094,11.1871814046,13.7135966585,13.4880910153, 9.5413081445, 5.7289683517, 7.3318907538, 4.8612786475, 1.8821296207, 1.6856221204, 1.4566263017, 1.5749423294, 1.6976920581, 0.0000000000, 0.0000000000
 0.0000000000, 0.0000000000, 0.0000000000, 0.0000000000, 0.0000000000, 0.0000000000, 0.0000000000, 0.0000000000, 0.0000000000, 0.0000000000, 0.0000000000, 0.0000000000, 0.0000000000, 0.0000000000, 0.0000000000, 0.0000000000, 0.2121342499, 0.5325435490, 0.7564260469, 0.6785043942, 0.5775366229, 2.4238705654, 5.6243162728, 7.5236352169, 9.1513339407,12.4995629177,16.8649230374,14.6487649574,11.0020748258,10.7730010486, 4.7560962818, 0.0000000000, 3.2606693773, 2.1894640037, 1.8785490103, 2.2932619266, 2.4326643663, 0.0000000000, 0.0000000000
 0.0000000000, 0.0000000000, 0.0000000000, 0.0000000000, 0.0000000000, 0.0000000000, 0.0000000000, 0.0000000000, 0.0000000000, 0.0074997815, 0.0051931282, 0.0023731654, 0.0000000000, 0.0000000000, 0.0000000000, 0.0000000000, 0.4166819143, 1.0451111902, 0.9986226390, 0.8951893055, 0.7784646161, 2.4069902733, 5.1905254971, 7.2856735042, 8.6112046601,10.0751966236,12.9675857285,15.1720047969,16.9313402055,22.2109507626,12.7529366078, 0.0000000000, 3.8223127171, 2.6224921195, 2.2125330512, 2.1613817084, 2.1053017562, 0.0000000000, 0.0000000000
 0.0000000000, 0.0000000000, 0.0000000000, 0.0000000000, 0.0000000000, 0.0000000000, 0.0000000000, 0.0000000000, 0.0000000000, 0.0000000000, 0.0000000000, 0.0000000000, 0.0000000000, 0.0000000000, 0.0000000000, 0.0000000000, 0.4118015510, 1.0090532564, 1.0253061268, 0.7158373776, 0.6643509107, 2.9652721511, 7.4903332436,11.7785179429,11.7884903459,11.0491452983,12.6554464115,15.3224888350,18.2614956906,20.5359534115,21.8750197562, 8.5476121898, 1.3714832117, 2.0630416870, 2.3465847232, 2.3417597713, 2.6312305424, 0.0000000000, 0.0000000000
 0.0000000000, 0.0000000000, 0.0000000000, 0.0000000000, 0.0000000000, 0.0000000000, 0.0000000000, 0.0000000000, 0.0000000000, 0.0000000000, 0.0000000000, 0.0000000000, 0.0000000000, 0.0000000000, 0.0000000000, 0.1204145780, 0.7429214223, 1.2157727088, 1.1418865591, 1.0464511157, 0.9854766563, 2.6364478373,10.9983350873,19.4893485820,21.3739871417,16.6628602288,15.6138654983,15.3783313661,16.1509257114,21.7172109623,25.9614963565, 6.5446876083, 2.0628972837, 3.4409816525, 3.8178134353, 4.0096042896, 3.3864236877, 0.0000000000, 0.0000000000
 0.0000000000, 0.0000000000, 0.0000000000, 0.0000000000, 0.0000000000, 0.0000000000, 0.0391970783, 0.0973898835, 0.0554934449, 0.0000000000, 0.0000000000, 0.0000000000, 0.0000000000, 0.0000000000, 0.0000000000, 0.1339970538, 0.5804558099, 0.9573327035, 1.1387552878, 0.9124968101, 0.8965265821, 1.2870754714, 9.0920376574,15.8112888800,21.6132730638,19.9242863187,10.9331550237,10.1687707975,12.6162926798,16.0680581861,19.6088533666, 5.5455895810, 4.7611013681,10.2951567100,11.1892116394, 7.7421006587, 4.8711098250, 0.0000000000, 0.0000000000
 0.0000000000, 0.0000000000, 0.0000000000, 0.0000000000, 0.0000000000, 0.0000000000, 0.0000000000, 0.0000000000, 0.0000000000, 0.0000000000, 0.0000000000, 0.0000000000, 0.0000000000, 0.0000000000, 0.0000000000, 0.0000000000, 0.5709211273, 1.3632359556, 1.4169530504, 1.4051646886, 0.6852174281, 0.0000000000, 0.0000000000, 5.6260818239,10.4529872531,10.9826648652, 8.9150974521, 6.8790710056, 8.3725233679,12.0269043436,14.3852712756,18.3773444464,20.8209758717,20.1263926487,10.5961596647,13.3495042727, 9.8980074300, 0.0000000000, 0.0000000000
 0.0000000000, 0.0000000000, 0.0532956731, 0.1739779374, 0.3376711873, 0.0000000000, 0.0000000000, 0.0000000000, 0.0000000000, 0.0000000000, 0.0000000000, 0.0000000000, 0.0000000000, 0.0000000000, 0.2985899340, 0.1866520864, 0.8150918589, 1.7323220692, 2.0497724677, 2.2093071240, 0.0000000000, 0.0000000000,25.3060622170,28.8438040316,17.6573595564,10.3013831240, 9.7312005523,10.0611383326, 8.0921526714, 9.3830891476,12.8399833374,16.7270036958,24.3274659634, 0.0000000000, 5.3887614658, 8.4954409430, 9.6831844003, 0.0000000000, 0.0000000000
 0.0000000000, 0.0000000000, 0.0000000000, 0.1588977760, 0.1709674453, 0.0000000000, 0.0000000000, 0.0000000000, 0.0292264491, 0.0425588270, 0.0000000000, 0.0000000000, 0.0000000000, 0.0000000000, 0.0000000000, 0.2751077999, 1.4833078565, 2.3364926865, 2.1692724658, 2.0996587692, 0.0000000000, 4.8045734720,13.2308457015,17.7560025878,14.4596011224,11.0335477166, 8.4855820287, 6.3571598758, 5.6812536840, 4.5493080340, 5.5361401513, 9.5809115771,12.2152144871,12.3390585231,16.1066332560,18.1473464049, 0.0000000000, 0.0000000000, 0.0000000000
 0.0000000000, 0.0000000000, 0.0000000000, 0.0000000000, 0.0000000000, 0.0000000000, 0.0000000000, 0.0000000000, 0.0000000000, 0.0000000000, 0.0000000000, 0.0000000000, 0.0000000000, 0.0000000000, 0.0000000000, 0.7533671832, 1.9089897802, 3.1419221292, 3.6237496942, 2.3745227003, 0.0000000000, 0.0000000000, 5.6364367577, 7.0514246771, 5.0773233135, 5.3450200945, 6.2260205756, 7.2801100303, 7.9493885617, 7.8756842188, 9.1601757566,11.3123936868,13.2891463862,12.9212818326,17.6244730090,25.0144165547, 0.0000000000, 0.0000000000, 0.0000000000
 0.0000000000, 0.0000000000, 0.0000000000, 0.0000000000, 0.0000000000, 0.0000000000, 0.0000000000, 0.0000000000, 0.0000000000, 0.0000000000, 0.0000000000, 0.0000000000, 0.0000000000, 0.0000000000, 0.0000000000, 0.3807752965, 1.9321861705, 4.1582226435, 5.6174049773, 4.0125459840, 1.6860419447, 6.2793046701,16.8708869467,17.1370978389,13.0555132011,11.2889748005,10.5008944357, 8.7576586073, 7.6502114972, 7.3568398788, 8.0531894358, 9.4424947648,11.6687842601,15.5988214373,17.3142277369,16.0395358515,13.6022022967, 0.0000000000, 0.0000000000
 0.0000000000, 0.0000000000, 0.0000000000, 0.0000000000, 0.0000000000, 0.0000000000, 0.0000000000, 0.0000000000, 0.0000000000, 0.0000000000, 0.0000000000, 0.0000000000, 0.0022361056, 0.0054585649, 0.0000000000, 0.0000000000, 2.4379072971, 6.0319520747, 5.5350626174, 5.2964290075, 2.6409310034, 0.0000000000, 5.6239922837,10.0463026143, 9.0085230572, 7.9573653142, 6.3588452656, 4.4664902468, 4.5029864842, 5.8299162515, 5.8262167738, 4.9365577946, 5.0271901832, 6.3280279054, 7.7676871246, 9.8890672943,12.7859746690, 0.0000000000, 0.0000000000
 0.0000000000, 0.0000000000, 0.0000000000, 0.0000000000, 0.0000000000, 0.0000000000, 0.0000000000, 0.0216991146, 0.0157431823, 0.0000000000, 0.0000000000, 0.0000000000, 0.0000000000, 0.0000000000, 0.0000000000, 0.0000000000, 0.0000000000,11.0723160771,11.5781918503, 0.0000000000, 0.0000000000, 0.0000000000,12.9751185985,12.6103949197,10.0269656195,10.8964075573,11.2085519675,12.0230425431, 9.5482323325, 8.7687185735,12.1591570888,11.5729513042,10.4395814058,11.2823912557,15.6210636944,19.3552317292, 0.0000000000, 0.0000000000, 0.0000000000
 0.0000000000, 0.0000000000, 0.0000000000, 0.0000000000, 0.0000000000, 0.0000000000, 0.0752530351, 0.1153821563, 0.0249641067, 0.0000000000, 0.0000000000, 0.0000000000, 0.0000000000, 0.0000000000, 0.0000000000, 1.1038417019, 6.9291390888,11.1380276310,12.2057811567,15.7337853189,18.6246504411,21.9921901284,25.4289808099,24.3935958206,21.3955656893,19.1316534079,14.7822254859,12.7181373300,14.4677375041,15.0929167852,16.0418885404,15.0278880692,12.7266175924,12.9500613579,14.7812829656,14.8541816528,13.6850945307, 0.0000000000, 0.0000000000
 0.0000000000, 0.0000000000, 0.0000000000, 0.0000000000, 0.0000000000, 0.0000000000, 0.0000000000, 0.0000000000, 0.0000000000, 0.0000000000, 0.0000000000, 0.0000000000, 0.0000000000, 0.0000000000, 0.0000000000, 0.6754595572, 3.4815798984, 6.9393403000, 8.8686575233, 7.7992209300, 8.3094042891,11.9919622998,15.9223704967,18.3326507280,17.4165053843,15.2156598620,13.6209952996, 9.7432591218, 7.1595038736, 8.1981775336, 8.9265021382, 8.4251394155, 8.0713848244, 7.9565292823, 6.9037925224, 6.8538738935, 8.2202776076, 0.0000000000, 0.0000000000
 0.0000000000, 0.0289648023, 0.0544925654, 0.0992927671, 0.1378600248, 0.1922067107, 0.1497236430, 0.0727329500, 0.0351666701, 0.0242260405, 0.0152842672, 0.0160689543, 0.0171335260, 0.1209410110, 0.2297157373, 0.6407333552, 2.5648363050, 4.3547562999, 4.5735745344, 4.5079448854, 4.3480136312, 5.0532880168, 5.9246027305, 5.7063993644, 5.3328184141, 4.8884842715, 4.3536639670, 6.6767308462,10.2617714015,11.2461107059,11.7526926823,12.2689183645,12.2425771315,12.0306345524,12.6215797221,14.9340274590,16.4904911652,16.5197062994, 0.0000000000
 0.0000000000, 0.0271500640, 0.0624377015, 0.0923310699, 0.1191300344, 0.1801538219, 0.2644398247, 0.2170279138, 0.0918610945, 0.0481100362, 0.0498241024, 0.0680142876, 0.0775131022, 0.4255967562, 0.6041460944, 0.8582625059, 2.9536514493, 4.9631130508, 6.1069549922, 6.5936235895, 6.3680019347, 7.3617609633, 8.8716055028, 9.0771538896, 8.3168229735, 7.4620369560, 6.8227018251,12.5055547711,20.3408610710,22.8708387655,24.7270628162,25.2610870074,24.0632137809,23.5914881869,25.0954127689,25.7746411581,26.2910885803,25.4837929805, 0.0000000000
 0.0000000000, 0.1997347361, 0.2454742983, 0.1187524473, 0.0314307034, 0.0743177453, 0.2925270766, 0.4242727580, 0.1928801059, 0.1274078716, 0.0985445143, 0.0430784401, 0.0587572082, 0.6709076439, 1.1065121720, 0.6541512826, 2.7032691947, 6.1185682996, 9.0741687696, 9.5794264045, 9.7281812291,10.7685635529,12.7472489408,13.8959613363,13.4748422198,12.2786729884,11.4854490745,19.3070580865,27.8230067805,28.2971373702,27.4724545351,26.5265433163,26.0724307688,25.2229410648,23.0251777766,21.1143442395,19.1408556938,16.3254002416, 0.0000000000
 0.0000000000, 0.0943371307, 0.1545042444, 0.1054266936, 0.0627674028, 0.1168505138, 0.3822704558, 0.4500501032, 0.2030736189, 0.0676284662, 0.0098647667, 0.0000000000, 0.0000000000, 0.2303415686, 0.8561676529, 1.1564026099, 3.0987519100, 5.0839197172, 6.1489252493, 6.6909668385, 6.9401924379, 7.4395919206, 9.2151449005,11.0029448214,10.7196794061, 9.2518950814, 8.1758422426, 9.2882684320,12.5626607960,14.0647198645,13.7435971794,13.2084410373,12.1571129498,10.6799363907, 9.4275687348, 7.9678905123, 6.6711927103, 5.6772673263, 0.0000000000
 0.0000000000, 0.0703228596, 0.0685717059, 0.0702397299, 0.0893047076, 0.1710851158, 0.2034552061, 0.1509724770, 0.0676867549, 0.0596488373, 0.0660423029, 0.0238532419, 0.0179388581, 0.2308292263, 0.8628400908, 1.7460776141, 3.2613074898, 3.5811062265, 3.6068226123, 3.6254853873, 3.6036314547, 4.1875616732, 5.6453838587, 6.3307900406, 5.7521359933, 5.0881934291, 4.9284452969, 5.3990202005, 6.2752227691, 6.6494785110, 6.4324919424, 6.3463373523, 6.0333520595, 5.7856764237, 5.9186469456, 6.3410294468, 6.5800151468, 6.2577537889, 0.0000000000
 0.0000000000, 0.0000000000, 0.1797682319, 0.1906985411, 0.1723930891, 0.2649784381, 0.1781381052, 0.0212091179, 0.0222923358, 0.0395368652, 0.0894871953, 0.0990582607, 0.0000000000, 0.3791176740, 1.4595512498, 1.5570785904, 3.5125513962, 6.4653459403, 7.8275647582, 7.9342527382, 7.4972319196, 8.0227438226,10.8256813125,13.7338062918,13.2279671941,10.9404252421,10.4480705417,10.1598893385,10.7507190979,12.7564942878,13.3727764641,13.5564527311,12.9462280855,11.4438127452,11.4280180148,13.5189124091,15.5499285790,16.0700100229, 0.0000000000
 0.0000000000, 0.9652869212, 0.7888532281, 0.2594473697, 0.1270042236, 0.3812607269, 0.8724754304, 0.6713689998, 0.1324642259, 0.0000000000, 0.0612430992, 0.2987798898, 0.5322298214, 1.7531744641, 2.8719568185, 2.0432619188, 3.4905694870, 8.3971448231,15.2906446902,18.6542002141,17.4710149798,17.6275160645,21.6296324702,27.3164445922,29.1173470155,26.7626668996,24.4786685093,22.5011702106,22.4727188777,25.2756465077,27.3496755510,28.6204455338,28.9054236962,28.0700425624,27.3018177744,27.1317829856,26.7711911258,27.3874460292, 0.0000000000
 0.0000000000, 1.7731231812, 2.4735471456, 2.0014011888, 1.3279197753, 1.2545224994, 1.5887812626, 1.3494273640, 0.4346516335, 0.0000000000, 0.1354319130, 0.2447992442, 0.4030399945, 1.4669195226, 2.5267000974, 2.0203407294, 5.8066414105,16.4168263985,24.2577341589,26.8536466254,26.7428938706,27.2716720419,31.6590654800,38.8344890790,42.8764580885,41.5794554376,38.7810357387,36.2781323400,34.9456710794,35.5040323407,36.0010033415,35.3243781505,33.3361027473,30.5385739603,28.3421870231,27.6890002166,27.7167362200,25.9179249447, 0.0000000000
