 0.000000000, 0.000000000, 0.000000000, 0.000000000, 0.000000000, 0.000000000, 0.052060629, 0.263907955, 0.305058247, 0.193216962, 0.087679101, 0.055300805, 0.025275739, 0.000000000, 0.012766316, 0.013307255, 0.002941767, 0.007783032, 0.011980500, 0.015474663, 0.017502038, 0.011426020, 0.007852888, 0.000000000, 0.000000000, 0.000000000, 0.000000000, 0.000000000, 0.000000000, 0.000000000, 0.000000000, 0.000000000, 0.000000000, 0.000000000, 0.000000000, 0.000000000, 0.000000000, 0.000000000, 0.000000000, 0.000000000, 0.000000000, 0.000000000, 0.000000000
 0.000000000, 0.000000000, 0.000000000, 0.000000000, 0.000000000, 0.000000000, 0.000000000, 0.105070543, 0.253493541, 0.203985844, 0.186170284, 0.229035139, 0.172623311, 0.056678598, 0.009830775, 0.010267568, 0.007479838, 0.005208253, 0.006984308, 0.010442004, 0.022275657, 0.026759887, 0.000000000, 0.000000000, 0.000000000, 0.000000000, 0.000000000, 0.000000000, 0.000000000, 0.000000000, 0.000000000, 0.000000000, 0.000000000, 0.000000000, 0.000000000, 0.000000000, 0.000000000, 0.000000000, 0.000000000, 0.000000000, 0.000000000, 0.000000000, 0.000000000
 0.000000000, 0.000000000, 0.000000000, 0.130033736, 0.189870467, 0.143675971, 0.645675347, 0.630528597, 0.409684482, 0.167292199, 0.178848773, 0.215972829, 0.178484295, 0.091232837, 0.017727334, 0.000000000, 0.036993844, 0.072485434, 0.038280370, 0.019366843, 0.017934001, 0.019606327, 0.000000000, 0.000000000, 0.000000000, 0.000000000, 0.000000000, 0.000000000, 0.000000000, 0.000000000, 0.000000000, 0.000000000, 0.000000000, 0.000000000, 0.000000000, 0.000000000, 0.000000000, 0.000000000, 0.000000000, 0.000000000, 0.000000000, 0.000000000, 0.000000000
 0.000000000, 0.000000000, 0.000000000, 0.041205396, 0.024975307, 0.000000000, 0.262546780, 0.585045009, 0.426783767, 0.091587849, 0.090630044, 0.034364810, 0.075548259, 0.052919016, 0.011175685, 0.006058405, 0.000000000, 0.012305499, 0.014386646, 0.009700977, 0.013836988, 0.030273602, 0.030999142, 0.000000000, 0.000000000, 0.000000000, 0.000000000, 0.000000000, 0.000000000, 0.000000000, 0.000000000, 0.000000000, 0.000000000, 0.000000000, 0.000000000, 0.000000000, 0.000000000, 0.000000000, 0.000000000, 0.000000000, 0.000000000, 0.000000000, 0.000000000
 0.000000000, 0.000000000, 0.000000000, 0.000000000, 0.000000000, 0.000000000, 0.000000000, 0.130425801, 0.208785860, 0.057696994, 0.145818771, 0.123723173, 0.000000000, 0.000000000, 0.000000000, 0.000000000, 0.005248252, 0.005997411, 0.001796959, 0.004702045, 0.011887476, 0.031178910, 0.037649396, 0.000000000, 0.000000000, 0.000000000, 0.000000000, 0.000000000, 0.000000000, 0.000000000, 0.000000000, 0.000000000, 0.000000000, 0.000000000, 0.000000000, 0.000000000, 0.000000000, 0.000000000, 0.000000000, 0.000000000, 0.000000000, 0.000000000, 0.000000000
 0.000000000, 0.000000000, 0.000000000, 0.000000000, 0.030147957, 0.070420145, 0.000000000, 0.000000000, 0.149906056, 0.310979263, 0.355610409, 0.143988325, 0.000000000, 0.020861532, 0.020884695, 0.004294579, 0.013672321, 0.019120113, 0.010345093, 0.007517184, 0.028041134, 0.044172630, 0.035816450, 0.000000000, 0.000000000, 0.000000000, 0.000000000, 0.000000000, 0.000000000, 0.000000000, 0.000000000, 0.000000000, 0.000000000, 0.000000000, 0.000000000, 0.000000000, 0.000000000, 0.000000000, 0.000000000, 0.000000000, 0.000000000, 0.000000000, 0.000000000
 0.000000000, 0.000000000, 0.000000000, 0.000000000, 0.057624832, 0.243730499, 0.262972197, 0.108771103, 0.284491912, 0.668387698, 0.525855401, 0.118305418, 0.060338812, 0.098138617, 0.063566099, 0.041778430, 0.031554615, 0.022173912, 0.000000000, 0.000000000, 0.010412384, 0.018211044, 0.000000000, 0.000000000, 0.000000000, 0.000000000, 0.000000000, 0.000000000, 0.000000000, 0.000000000, 0.000000000, 0.000000000, 0.000000000, 0.000000000, 0.000000000, 0.000000000, 0.000000000, 0.000000000, 0.000000000, 0.000000000, 0.000000000, 0.000000000, 0.000000000
 0.000000000, 0.000000000, 0.000000000, 0.000000000, 0.045395567, 0.327679038, 0.463725719, 0.200786719, 0.106284829, 0.279052028, 0.186985806, 0.185233133, 0.200563815, 0.073546181, 0.021075778, 0.025474258, 0.027406345, 0.020160932, 0.000000000, 0.000000000, 0.048360598, 0.056677330, 0.000000000, 0.000000000, 0.000000000, 0.000000000, 0.000000000, 0.000000000, 0.000000000, 0.000000000, 0.000000000, 0.000000000, 0.000000000, 0.000000000, 0.000000000, 0.000000000, 0.000000000, 0.000000000, 0.000000000, 0.000000000, 0.000000000, 0.000000000, 0.000000000
 0.000000000, 0.000000000, 0.000000000, 0.000000000, 0.000000000, 0.000000000, 0.063931085, 0.115949978, 0.118302851, 0.077752771, 0.072040359, 0.122015375, 0.117617005, 0.082863756, 0.036265733, 0.010736651, 0.003062661, 0.003880430, 0.000000000, 0.000000000, 0.000000000, 0.000000000, 0.000000000, 0.000000000, 0.000000000, 0.000000000, 0.000000000, 0.000000000, 0.000000000, 0.000000000, 0.000000000, 0.000000000, 0.000000000, 0.000000000, 0.000000000, 0.000000000, 0.000000000, 0.000000000, 0.000000000, 0.000000000, 0.000000000, 0.000000000, 0.000000000
 0.000000000, 0.000000000, 0.000000000, 0.000000000, 0.000000000, 0.010905741, 0.044693065, 0.040406949, 0.000000000, 0.043259212, 0.166902886, 0.124665191, 0.035943078, 0.035903330, 0.046404984, 0.066526967, 0.038839840, 0.014816060, 0.000000000, 0.014246894, 0.018085730, 0.000000000, 0.000000000, 0.132123577, 0.076966611, 0.073142630, 0.142879965, 0.000000000, 0.000000000, 0.000000000, 0.000000000, 0.000000000, 0.000000000, 0.000000000, 0.000000000, 0.000000000, 0.000000000, 0.000000000, 0.000000000, 0.000000000, 0.000000000, 0.000000000, 0.000000000
 0.000000000, 0.000000000, 0.000000000, 0.000000000, 0.000000000, 0.000000000, 0.025201849, 0.055105335, 0.113641903, 0.193149550, 0.150795148, 0.111123710, 0.060685321, 0.023784156, 0.008206115, 0.042127044, 0.036707570, 0.000000000, 0.000000000, 0.011734984, 0.004541650, 0.000000000, 0.000000000, 0.141894439, 0.207202418, 0.130502559, 0.387914062, 0.238571141, 0.000000000, 0.000000000, 0.000000000, 0.000000000, 0.000000000, 0.000000000, 0.000000000, 0.000000000, 0.000000000, 0.000000000, 0.000000000, 0.000000000, 0.000000000, 0.000000000, 0.000000000
 0.000000000, 0.000000000, 0.024601316, 0.123399089, 0.056935543, 0.044349817, 0.111531688, 0.111720147, 0.047758898, 0.000000000, 0.056120670, 0.096427443, 0.107325696, 0.074317095, 0.021320532, 0.029471095, 0.021401640, 0.021212661, 0.000000000, 0.000000000, 0.000000000, 0.000000000, 0.000000000, 0.156306058, 0.225427852, 0.000000000, 0.432246443, 0.262958763, 0.000000000, 0.000000000, 0.000000000, 0.000000000, 0.000000000, 0.000000000, 0.000000000, 0.000000000, 0.000000000, 0.000000000, 0.000000000, 0.000000000, 0.000000000, 0.000000000, 0.000000000
 0.000000000, 0.000000000, 0.000000000, 0.000000000, 0.000000000, 0.000000000, 0.000000000, 0.000000000, 0.000000000, 0.005773644, 0.028919413, 0.072171508, 0.092958986, 0.039574226, 0.015719421, 0.004632993, 0.004209269, 0.004521828, 0.000000000, 0.000000000, 0.000000000, 0.000000000, 0.000000000, 0.111292993, 0.154619989, 0.000000000, 0.209966985, 0.213522333, 0.098471171, 0.091374297, 0.000000000, 0.000000000, 0.269486515, 0.288904804, 0.247204518, 0.195586040, 0.250067027, 0.272878053, 0.248280441, 0.000000000, 0.000000000, 0.000000000, 0.000000000
 0.000000000, 0.000000000, 0.000000000, 0.000000000, 0.000000000, 0.000000000, 0.000000000, 0.000000000, 0.015733031, 0.003570722, 0.012429723, 0.026203535, 0.021956793, 0.006910455, 0.004581238, 0.000000000, 0.002562509, 0.004696319, 0.000000000, 0.000000000, 0.000000000, 0.000000000, 0.000000000, 0.110252385, 0.223721461, 0.194605463, 0.321837361, 0.331717102, 0.207459790, 0.206912359, 0.201613913, 0.098369288, 0.000000000, 0.151202210, 0.311321800, 0.306554810, 0.381890306, 0.443923460, 0.325820201, 0.174376159, 0.000000000, 0.000000000, 0.000000000
 0.000000000, 0.000000000, 0.000000000, 0.000000000, 0.031932993, 0.106742518, 0.096546681, 0.103974924, 0.107011178, 0.032241357, 0.013192103, 0.021338668, 0.012878778, 0.006004651, 0.010283425, 0.006619693, 0.000000000, 0.000000000, 0.000000000, 0.000000000, 0.000000000, 0.000000000, 0.000000000, 0.175569479, 0.261562412, 0.364617730, 0.819091612, 0.663351427, 0.226459761, 0.224766224, 0.209703358, 0.000000000, 0.000000000, 0.295052884, 0.573488064, 0.558257118, 0.612172343, 0.611650175, 0.469530305, 0.285691901, 0.183362689, 0.000000000, 0.000000000
 0.000000000, 0.000000000, 0.000000000, 0.007882621, 0.019199537, 0.022761468, 0.042287375, 0.027832822, 0.050758109, 0.037538193, 0.018671650, 0.024587422, 0.023850298, 0.011528717, 0.024069514, 0.022399777, 0.011130323, 0.009025954, 0.000000000, 0.000000000, 0.000000000, 0.000000000, 0.000000000, 0.176722047, 0.342932241, 0.496186694, 1.161156955, 1.244370302, 0.639765934, 0.318324403, 0.307201358, 0.000000000, 0.000000000, 0.190052716, 0.567115825, 0.714270094, 0.752908923, 0.692176064, 0.509855349, 0.322014342, 0.209178260, 0.000000000, 0.000000000
 0.000000000, 0.000000000, 0.000000000, 0.004021882, 0.006003096, 0.023590659, 0.043514531, 0.054418708, 0.070847648, 0.060914035, 0.035694018, 0.009409893, 0.004904593, 0.016360825, 0.016426825, 0.009456348, 0.010821895, 0.000000000, 0.000000000, 0.000000000, 0.000000000, 0.000000000, 0.000000000, 0.191459304, 0.268331175, 0.404066418, 0.963022895, 1.024956514, 0.525971231, 0.263429428, 0.264055508, 0.000000000, 0.000000000, 0.304285785, 0.567918201, 0.508508768, 0.496591033, 0.431831388, 0.313197992, 0.191417971, 0.000000000, 0.000000000, 0.000000000
 0.000000000, 0.000000000, 0.008300198, 0.013992215, 0.008577249, 0.008920256, 0.027122222, 0.087339368, 0.062129320, 0.003418833, 0.007320676, 0.003531823, 0.020531340, 0.019710457, 0.014627742, 0.019473597, 0.019026644, 0.000000000, 0.000000000, 0.000000000, 0.000000000, 0.000000000, 0.000000000, 0.142626310, 0.254225557, 0.362640300, 0.603013434, 0.665081430, 0.498557662, 0.323517273, 0.163488274, 0.000000000, 0.193353783, 0.387415889, 0.362643959, 0.299329551, 0.262964739, 0.000000000, 0.000000000, 0.000000000, 0.000000000, 0.000000000, 0.000000000
 0.000000000, 0.004770910, 0.017049988, 0.045533936, 0.046865408, 0.039917449, 0.028972610, 0.043794844, 0.021416935, 0.004929479, 0.008248351, 0.002835559, 0.005498114, 0.025395160, 0.029425744, 0.018767570, 0.011633262, 0.000000000, 0.000000000, 0.000000000, 0.000000000, 0.000000000, 0.000000000, 0.177103311, 0.323404855, 0.421784980, 0.655748785, 0.676107380, 0.473671021, 0.293633773, 0.141518751, 0.000000000, 0.172455877, 0.315494426, 0.290377940, 0.232002170, 0.000000000, 0.000000000, 0.000000000, 0.000000000, 0.000000000, 0.000000000, 0.000000000
 0.000000000, 0.000000000, 0.002312398, 0.002847446, 0.017827914, 0.064228687, 0.060268325, 0.044479438, 0.028877639, 0.032570060, 0.000000000, 0.000000000, 0.000000000, 0.001503457, 0.014890699, 0.008983397, 0.000000000, 0.000000000, 0.000000000, 0.000000000, 0.000000000, 0.000000000, 0.060702024, 0.350880928, 0.420364983, 0.540929708, 1.180255978, 1.191758447, 0.579785132, 0.281217238, 0.244531458, 0.000000000, 0.251894416, 0.439363149, 0.394779345, 0.308814191, 0.213166070, 0.000000000, 0.000000000, 0.000000000, 0.000000000, 0.000000000, 0.000000000
 0.000000000, 0.000000000, 0.000000000, 0.000000000, 0.000000000, 0.000000000, 0.000000000, 0.000000000, 0.000000000, 0.000000000, 0.000000000, 0.001233884, 0.003280334, 0.008376423, 0.009171670, 0.007367616, 0.004337019, 0.000000000, 0.000000000, 0.011605276, 0.015136877, 0.000000000, 0.077312287, 0.547839222, 0.669711585, 0.852853177, 1.884347624, 2.001562513, 1.049432588, 0.527582322, 0.464333403, 0.000000000, 0.423318543, 0.766850801, 0.657235730, 0.501074022, 0.393430209, 0.319050723, 0.255442157, 0.000000000, 0.000000000, 0.000000000, 0.000000000
 0.000000000, 0.000000000, 0.087172309, 0.267550888, 0.053643217, 0.000000000, 0.000000000, 0.000000000, 0.000000000, 0.000000000, 0.000000000, 0.000000000, 0.002832543, 0.003843402, 0.000000000, 0.000000000, 0.000000000, 0.000000000, 0.000000000, 0.000000000, 0.000000000, 0.000000000, 0.075355601, 0.502405355, 0.945156010, 1.257859815, 1.936427403, 2.278250570, 2.079154620, 1.513590595, 1.449744109, 0.716546483, 0.000000000, 0.660239460, 1.126958737, 0.962757710, 0.718199938, 0.563023510, 0.418190139, 0.275700407, 0.187912681, 0.000000000, 0.000000000
 0.000000000, 0.000000000, 0.000000000, 0.000000000, 0.002251672, 0.020280370, 0.028230504, 0.015522512, 0.000000000, 0.001832967, 0.002028627, 0.000000000, 0.000000000, 0.001240771, 0.001228849, 0.000000000, 0.000000000, 0.000000000, 0.000000000, 0.000000000, 0.000000000, 0.000000000, 0.056331637, 0.288266516, 0.378054103, 0.535588236, 1.279358850, 1.616168188, 1.632007575, 1.300459435, 1.362213269, 0.741667779, 0.000000000, 0.493970335, 1.244530615, 1.398098255, 1.129122013, 0.933520964, 0.707266190, 0.480593117, 0.222945617, 0.000000000, 0.000000000
 0.000000000, 0.000000000, 0.000000000, 0.007209159, 0.021487179, 0.041191764, 0.030235549, 0.026778977, 0.023341716, 0.000000000, 0.018749212, 0.017059583, 0.001626517, 0.008487102, 0.012990326, 0.011934376, 0.000000000, 0.000000000, 0.000000000, 0.000000000, 0.000000000, 0.000000000, 0.000000000, 0.160345035, 0.225622928, 0.305909082, 0.741715337, 0.937895515, 0.614156541, 0.389825510, 0.868180790, 0.503148136, 0.000000000, 0.391264667, 1.338025481, 1.435208728, 1.208922076, 1.236771959, 1.044648131, 0.586968842, 0.173232979, 0.000000000, 0.000000000
 0.000000000, 0.000000000, 0.000000000, 0.000000000, 0.006115795, 0.027134718, 0.021436634, 0.000000000, 0.000000000, 0.038266690, 0.040765898, 0.019824948, 0.000000000, 0.000000000, 0.000000000, 0.000000000, 0.000000000, 0.000000000, 0.000000000, 0.000000000, 0.000000000, 0.000000000, 0.000000000, 0.158499955, 0.211035766, 0.275473362, 0.703032894, 0.861631344, 0.761087945, 0.628147618, 0.680544760, 0.709824661, 0.404919266, 0.533085851, 0.947812522, 0.751236204, 0.798792977, 1.001818384, 1.046288647, 0.621867657, 0.180737228, 0.000000000, 0.000000000
 0.000000000, 0.000000000, 0.008017067, 0.020695810, 0.042833417, 0.081118875, 0.000000000, 0.000000000, 0.000000000, 0.013660779, 0.024002921, 0.011276984, 0.004125023, 0.007726511, 0.004492309, 0.000000000, 0.000000000, 0.000000000, 0.002889591, 0.003791760, 0.000000000, 0.000000000, 0.112131936, 0.226788108, 0.462014114, 0.623682784, 0.783485559, 0.977772444, 0.893033690, 0.735984345, 0.797086680, 1.204404533, 1.288117510, 0.962871194, 0.924456848, 0.796266875, 0.718597323, 0.734418624, 0.742686281, 0.562478174, 0.243240178, 0.000000000, 0.000000000
 0.000000000, 0.005508724, 0.006465266, 0.050117739, 0.015393382, 0.000000000, 0.011174745, 0.010175999, 0.000000000, 0.000000000, 0.000000000, 0.004849761, 0.004496946, 0.000000000, 0.000000000, 0.000000000, 0.000000000, 0.000000000, 0.002539884, 0.003903158, 0.000000000, 0.000000000, 0.000000000, 0.153649794, 0.380898274, 0.577145869, 0.990775338, 1.254909808, 1.158501094, 0.918202024, 1.533596165, 2.050325256, 1.563532172, 0.779068835, 0.747515373, 0.933594586, 0.890568096, 0.908491910, 0.814942203, 0.571403638, 0.248390090, 0.000000000, 0.000000000
 0.000000000, 0.090949956, 0.083042809, 0.025679454, 0.009088922, 0.000000000, 0.023789354, 0.041679221, 0.011466355, 0.008172340, 0.009219957, 0.011962931, 0.016028903, 0.005327340, 0.005003788, 0.012175022, 0.010783027, 0.004509660, 0.000000000, 0.005444071, 0.010599053, 0.000000000, 0.000000000, 0.232654024, 0.738965847, 1.088022547, 1.388178751, 1.851746870, 1.744181275, 1.356986125, 2.251131031, 3.012206576, 2.277420134, 1.496485319, 1.325252533, 1.163509457, 1.082616555, 1.172145627, 1.062087755, 0.735197817, 0.318021124, 0.000000000, 0.000000000
 0.000000000, 0.116592268, 0.175040910, 0.084678732, 0.000000000, 0.000000000, 0.000000000, 0.000000000, 0.000000000, 0.001347107, 0.001653698, 0.000000000, 0.002787219, 0.015016389, 0.014409840, 0.009493125, 0.004168745, 0.009540582, 0.009482086, 0.000000000, 0.000000000, 0.000000000, 0.000000000, 0.261049151, 0.824357692, 1.296774710, 2.278637182, 3.071157569, 2.903065781, 2.233990580, 3.849670015, 5.298470974, 4.036300220, 1.308958228, 1.098922774, 1.726173895, 1.585130254, 1.842115384, 1.543598406, 0.989912293, 0.426653583, 0.000000000, 0.000000000
 0.000000000, 0.119543722, 0.095319161, 0.000000000, 0.000000000, 0.000000000, 0.000000000, 0.000000000, 0.000000000, 0.000000000, 0.068770554, 0.105611785, 0.022301911, 0.000000000, 0.000000000, 0.000000000, 0.000000000, 0.008732815, 0.017040963, 0.015378429, 0.000000000, 0.000000000, 0.000000000, 0.376116526, 1.269304609, 2.228949516, 4.135500105, 5.459788054, 6.311678288, 6.501976045, 7.953969417, 8.883894668, 6.546013501, 4.154127720, 3.512432575, 3.008029391, 3.029501106, 3.176885868, 2.246473975, 1.294849657, 0.551225892, 0.000000000, 0.000000000
 0.000000000, 0.000000000, 0.000000000, 0.049943799, 0.037726580, 0.017933664, 0.006063937, 0.000000000, 0.000000000, 0.000000000, 0.000000000, 0.000000000, 0.000000000, 0.000000000, 0.000000000, 0.000000000, 0.000000000, 0.000000000, 0.000000000, 0.000000000, 0.000000000, 0.000000000, 0.120658943, 0.999790885, 2.983567681, 5.198391574, 6.852632584, 7.767875020, 8.298050461, 8.293850540, 8.942227515, 9.321177292, 6.743981694, 4.397872110, 5.098458418, 4.480113536, 4.049468643, 4.375389483, 3.268667942, 1.094407258, 0.000000000, 0.000000000, 0.000000000
 0.000000000, 0.000000000, 0.000000000, 0.000000000, 0.000000000, 0.000000000, 0.000000000, 0.000000000, 0.000000000, 0.000000000, 0.000000000, 0.000000000, 0.000000000, 0.000000000, 0.000000000, 0.000000000, 0.000000000, 0.000000000, 0.000000000, 0.000000000, 0.000000000, 0.000000000, 0.194727790, 1.629083650, 4.417941060, 6.598697917, 8.081404675, 8.479715170, 8.680217008, 8.668837445, 8.101108186, 7.582934868, 5.454498362, 3.390136358, 3.763046409, 3.776052564, 4.018942911, 4.508752010, 3.885500010, 2.160241420, 0.634519422, 0.000000000, 0.000000000
 0.000000000, 0.000000000, 0.000000000, 0.116320423, 0.063029257, 0.187605006, 0.000000000, 0.000000000, 0.000000000, 0.000000000, 0.000000000, 0.000000000, 0.065955918, 0.103861480, 0.024210600, 0.027328261, 0.025609971, 0.000000000, 0.000000000, 0.015976956, 0.023983076, 0.000000000, 0.250052117, 1.911911340, 4.896019187, 6.543160631, 6.916890306, 6.405132074, 6.072465156, 5.898404107, 5.545976817, 5.212931226, 3.776614685, 1.885814803, 1.834913095, 2.172605906, 2.537780720, 2.918375127, 2.621039267, 2.329924497, 1.466477249, 0.000000000, 0.000000000
 0.000000000, 0.000000000, 0.000000000, 0.299823129, 0.160787657, 0.000000000, 0.000000000, 0.171914179, 0.127525838, 0.000000000, 0.000000000, 0.000000000, 0.025312440, 0.029910761, 0.000000000, 0.019425185, 0.016678756, 0.000000000, 0.024509163, 0.056624991, 0.054664653, 0.000000000, 0.251843558, 1.636543238, 3.822333983, 5.100091127, 5.386397433, 5.036769181, 5.195914024, 5.478804397, 5.262608812, 5.081540744, 3.852021041, 2.441897980, 2.159557608, 2.072221598, 2.102350351, 2.074392387, 1.835338504, 1.630503642, 1.039741787, 0.000000000, 0.000000000
 0.000000000, 0.000000000, 0.000000000, 0.150445970, 0.129206909, 0.228000086, 0.176858415, 0.405430029, 0.229574907, 0.000000000, 0.000000000, 0.000000000, 0.000000000, 0.000000000, 0.000000000, 0.018603732, 0.014219995, 0.000000000, 0.000000000, 0.033217126, 0.049694663, 0.000000000, 0.412482380, 1.685862943, 2.979056275, 4.282774810, 4.907467859, 4.723873701, 5.016322747, 5.591534732, 5.519663848, 5.119969202, 4.989379189, 3.580983504, 2.501694651, 2.259197554, 1.863846179, 1.769550229, 1.559978599, 1.332118698, 0.783933817, 0.000000000, 0.000000000
 0.000000000, 0.000000000, 0.138943347, 0.258321840, 0.098658138, 0.143961580, 0.000000000, 0.244787446, 0.191507069, 0.000000000, 0.000000000, 0.000000000, 0.000000000, 0.000000000, 0.000000000, 0.000000000, 0.000000000, 0.000000000, 0.014557046, 0.056746867, 0.059177504, 0.000000000, 0.388337230, 1.646889977, 2.980241961, 4.268557773, 5.088941502, 5.459891936, 6.054260528, 6.681191599, 6.340940421, 5.560478138, 5.162617947, 3.439885216, 2.005846170, 1.862486501, 1.821909552, 1.808966726, 1.641998342, 1.450014395, 1.390280375, 0.413442652, 0.000000000
 0.000000000, 0.228334999, 0.259913146, 0.114921066, 0.044310617, 0.106455433, 0.000000000, 0.210766013, 0.242071745, 0.000000000, 0.000000000, 0.000000000, 0.004434048, 0.003516296, 0.000000000, 0.016906825, 0.025405321, 0.000000000, 0.000000000, 0.010594074, 0.014778283, 0.000000000, 0.340681222, 1.645911003, 3.274663270, 5.046115097, 6.090027552, 5.946927440, 5.713917402, 5.880060272, 6.427041785, 6.147041828, 4.564653317, 3.153583191, 2.327742344, 1.935191788, 1.917674715, 1.867816885, 1.592170119, 1.395881151, 1.369444208, 0.326704989, 0.000000000
 0.000000000, 0.265952262, 0.280678701, 0.129522019, 0.101967430, 0.321405122, 0.000000000, 0.170819016, 0.348379061, 0.000000000, 0.075476235, 0.055527416, 0.000000000, 0.000000000, 0.000000000, 0.000000000, 0.000000000, 0.000000000, 0.000000000, 0.000000000, 0.000000000, 0.000000000, 0.352771673, 2.037854794, 4.091033787, 6.023600576, 7.129632375, 7.288630769, 7.288731545, 7.408407781, 7.484181007, 6.916612204, 5.135940843, 5.016998188, 6.313205028, 3.790540459, 2.156710301, 2.104391930, 1.848002317, 1.651395065, 1.626099907, 0.480434377, 0.000000000
 0.000000000, 0.168747419, 0.318333144, 0.438866718, 0.274792375, 0.452146732, 0.397204693, 0.402283134, 0.176162550, 0.000000000, 0.000000000, 0.000000000, 0.000000000, 0.000000000, 0.000000000, 0.000000000, 0.000000000, 0.000000000, 0.000000000, 0.000000000, 0.000000000, 0.000000000, 0.425004699, 2.628856911, 5.384140899, 8.041959079, 9.554792409, 9.748637621,10.391663688,10.961947901,11.448211153, 9.525566079, 6.181416423, 5.668711758, 4.945737210, 3.153862638, 2.619140076, 2.657978457, 2.202884083, 2.204744296, 2.378729638, 0.546125045, 0.000000000
 0.000000000, 0.220762207, 0.406355061, 0.702742210, 0.404844247, 0.616974407, 0.520548355, 0.534658688, 0.261889347, 0.000000000, 0.000000000, 0.000000000, 0.000000000, 0.000000000, 0.000000000, 0.000000000, 0.000000000, 0.000000000, 0.000000000, 0.000000000, 0.000000000, 0.000000000, 0.235510534, 2.209449681, 6.154839965, 9.315507329,12.871143023,16.306376847,18.210999929,19.500726183,20.044286536,18.454034745,19.427069774,13.214186608, 1.772421420, 1.169733077, 2.381918178, 2.939175365, 2.821584932, 2.548019050, 2.510417933, 1.039390794, 0.000000000
 0.000000000, 0.394018501, 0.623350491, 0.921400700, 0.735347702, 1.036492319, 0.890223587, 0.884045505, 0.856710725, 0.365716765, 0.000000000, 0.000000000, 0.000000000, 0.000000000, 0.000000000, 0.000000000, 0.000000000, 0.000000000, 0.000000000, 0.000000000, 0.000000000, 0.000000000, 0.269056078, 2.780261607, 8.712149864,13.351631049,18.342842694,24.704370966,28.510437060,29.686813944,29.197952955,28.076020239,27.334981597,19.341525642, 0.000000000, 1.496221038, 3.116388670, 3.214796161, 2.810982794, 2.559401448, 2.631180693, 1.195657932, 0.000000000
 0.000000000, 0.455111188, 0.904798330, 1.222413138, 0.590680755, 0.905020128, 0.814717273, 0.879095308, 0.700596035, 0.105579671, 0.000000000, 0.000000000, 0.000000000, 0.000000000, 0.000000000, 0.000000000, 0.000000000, 0.000000000, 0.000000000, 0.000000000, 0.000000000, 0.000000000, 0.331783810, 3.530823660,11.656140317,18.354916688,20.832251295,21.200119229,22.624317760,22.630784609,20.573794700,19.610127198,20.177358597,21.068544164,18.425995569, 3.242684815, 4.197794638, 4.336581778, 4.081173906, 3.505788065, 3.535039309, 1.811946363, 0.000000000
 0.000000000, 0.584060664, 1.068670169, 1.434354252, 0.736175529, 1.160781808, 0.989156866, 0.935677388, 0.937216514, 0.273547995, 0.000000000, 0.000000000, 0.000000000, 0.000000000, 0.000000000, 0.000000000, 0.000000000, 0.000000000, 0.000000000, 0.000000000, 0.000000000, 0.000000000, 0.365001939, 4.523181972,15.089220084,23.991137666,27.936247545,27.227898390,24.127924584,21.593176191,21.645960934,21.577034000,22.187247332,23.146070534,23.250665969, 0.000000000, 4.977848832, 7.346449356, 7.726564888, 6.995750549, 3.322790308, 0.000000000, 0.000000000
 0.000000000, 0.947614083, 1.753884468, 2.120183386, 1.067202934, 1.321222481, 0.978282354, 1.126451795, 1.197812557, 0.293399583, 0.000000000, 0.000000000, 0.000000000, 0.000000000, 0.000000000, 0.000000000, 0.000000000, 0.000000000, 0.000000000, 0.000000000, 0.000000000, 0.000000000, 0.384401742, 4.743165147,14.057025791,18.720705191,15.281241135,15.277144585,18.602423877,16.310463453,14.851475335,13.944275199,13.725438233,13.957300382,15.257589768,16.940360460,13.723769873,15.070092470,17.324429341,14.703861115, 8.482900139, 0.000000000, 0.000000000
 0.000000000, 0.572840914, 1.867467597, 3.180853659, 2.309201885, 3.380394194, 2.636366744, 2.160694016, 2.133542099, 0.524061292, 0.000000000, 0.000000000, 0.000000000, 0.000000000, 0.000000000, 0.000000000, 0.000000000, 0.000000000, 0.000000000, 0.000000000, 0.000000000, 0.000000000, 0.635026987, 5.395987071,16.959906936,20.897867941,17.832425292,14.444472149,12.248322253,11.528396393,11.508819508,11.896516920,12.597580459,13.956133463,16.391721585,20.088609664,24.204166597,22.505767844,15.451074857,13.380576312,13.039609328, 4.999140037, 0.000000000
 0.000000000, 0.831399378, 1.849672236, 2.795239870, 2.286352857, 3.451227634, 3.283723150, 3.066520925, 2.929507993, 1.113332281, 0.224876127, 0.000000000, 0.000000000, 0.000000000, 0.000000000, 0.000000000, 0.000000000, 0.000000000, 0.000000000, 0.000000000, 0.000000000, 0.000000000, 1.309060187, 7.283433688,12.358874221,15.154426368,16.123711863,13.900552457,12.584778537,11.397157965,10.431375799,10.092945843, 9.805781574, 9.915505013,10.856291017,13.358414122,16.252873132,12.907404924,10.785206334,15.672106168,15.807757977, 0.000000000, 0.000000000
 0.000000000, 1.095244036, 2.736938913, 3.915090656, 2.818803342, 3.851457316, 3.437980488, 3.009869581, 2.678597578, 0.817413314, 0.177996340, 0.000000000, 0.000000000, 0.000000000, 0.000000000, 0.051373939, 0.048139279, 0.000000000, 0.000000000, 0.000000000, 0.000000000, 0.000000000, 0.698275059, 4.860880885,11.594787246,12.634606719,10.634211359, 8.887664638, 7.967495852, 7.680051741, 7.686109983, 6.399503285, 5.934140867, 8.281702932,10.835697324,12.778833613,12.546780439,16.989016084,27.523809703,29.105766939,27.468422544, 0.000000000, 0.000000000
 0.000000000, 0.991665031, 2.321926435, 4.017493672, 4.423138446, 6.220412476, 5.993303420, 5.260864852, 4.710655929, 1.961038327, 0.381151428, 0.000000000, 0.000000000, 0.000000000, 0.000000000, 0.000000000, 0.000000000, 0.000000000, 0.000000000, 0.000000000, 0.000000000, 0.351456504, 2.958924991, 8.239730805,12.131748027,14.221959018,15.036274863,13.416358323,12.228288517,11.078764316,10.965047814,11.137693315,11.442165087,11.900617793,12.431148477,11.566640331,13.975603715,16.752454492,16.905804779,20.897459318,22.077047803, 0.000000000, 0.000000000
 0.000000000, 0.949134216, 2.351953381, 3.527660315, 3.348676878, 5.198915287, 5.248677307, 5.141501284, 5.159652124, 2.870344796, 0.983428573, 0.000000000, 0.000000000, 0.000000000, 0.000000000, 0.000000000, 0.000000000, 0.000000000, 0.000000000, 0.000000000, 0.000000000, 0.577671871, 3.702095589, 7.318561065,10.607968727,11.869885711,11.916564983,11.526676680,10.764098320,10.129393032, 9.267298111, 8.423552839, 8.101435706, 6.537662417, 4.728235171, 4.870961460, 6.717198119, 9.433041030, 9.684580105,10.409514200,11.474529415, 7.004114708, 0.000000000
 0.000000000, 1.473381982, 3.710427488, 5.571310186, 4.754076994, 5.998308868, 5.344208427, 4.761431133, 4.562545971, 2.282278531, 0.734861676, 0.000000000, 0.000000000, 0.000000000, 0.000000000, 0.000000000, 0.000000000, 0.000000000, 0.000000000, 0.000000000, 0.000000000, 0.750033984, 5.250595950, 7.631985726,10.384754864,11.326591802,10.649527239, 9.648807840, 9.190890686, 8.919103291, 8.669526976, 8.316648346, 8.999061771, 8.070679046, 9.075571454,11.622519933,11.859306101,11.363972563,15.723777906,18.651043167,18.120504632, 0.000000000, 0.000000000
 0.000000000, 1.606834013, 4.484214276, 7.561737149, 7.825647390,10.509140806,10.143418250, 9.642564119, 9.028010079, 5.440750031, 3.356247616, 2.028830317, 1.098504011, 0.383395162, 0.000000000, 0.000000000, 0.000000000, 0.000000000, 0.000000000, 0.000000000, 0.968198598, 1.710908137, 7.789223894,12.267305067,16.341936176,18.259783296,18.798443139,18.041499462,16.820233383,16.614716588,16.783945943,17.147789973,17.539899448,16.378155652,15.612544503,16.522431499,17.229072664,17.412384049,16.877421385,17.211155520,18.354497830, 0.000000000, 0.000000000
 0.000000000, 1.213260648, 3.232105333, 5.315668727, 5.997919269, 9.728582039,10.305076996,10.412712760,10.601741541, 7.714997440, 5.392121712, 3.711427398, 2.610713309, 1.059581561, 0.000000000, 0.000000000, 0.000000000, 0.000000000, 0.000000000, 0.000000000, 0.000000000, 1.641562012, 8.218617624,12.128287902,14.070353919,14.762390331,15.899858812,17.975608301,18.082924536,17.048374598,15.789740827,14.738273758,14.097174337,11.899084745, 8.689498138, 8.621293508, 9.433151671, 9.049080714, 9.019023521, 9.120757680, 9.452636487, 0.000000000, 0.000000000
 0.000000000, 0.544975306, 1.605048356, 2.374633941, 2.439854045, 2.544472531, 2.213543380, 2.206916708, 2.098359875, 1.722901833, 1.383289789, 1.263453831, 1.182390899, 1.135174651, 1.158451114, 1.242990212, 1.264903916, 1.196810488, 1.259446775, 1.542377843, 1.795090694, 2.473721981, 3.164186852, 3.951229994, 5.892980705, 6.362073628, 5.931310387, 5.338838107, 4.873291219, 4.660358945, 5.130525912, 5.218288565, 5.132689177, 4.245118603, 7.347708971,12.235170187,12.108194149,12.361906551,13.452061725,14.012642111,12.838747235,10.633657466, 0.000000000
 0.000000000, 0.572938098, 1.589023168, 6.728687763, 3.735038593, 9.860497132, 9.105089075, 8.158934046, 7.573852748, 3.103079424, 2.890044172, 2.637274499, 2.168258587, 1.627156521, 1.192715326, 1.682296373, 2.276779143, 1.414438098, 1.071690524, 1.369744221, 1.185396045, 1.476623855, 5.926315165,11.767699625,18.796158588,23.360302562,22.627881170,20.436842570,18.687498988, 7.052267610, 7.300391434, 7.612092331, 7.963100116, 7.946320146,14.985071451,24.091177616,25.230154805,25.951622030,27.255922629,26.823100821,25.333991257,23.724759064, 0.000000000
 0.000000000, 0.921113523, 2.260288681, 9.331440714, 5.155215285,16.146651925,16.492709829,15.534183131,14.780721833, 5.430223976, 5.278442445, 4.537978395, 3.758536429, 2.597121495, 1.569742942, 2.036055875, 3.436034999, 3.560702348, 1.895402719, 1.165291501, 1.101467002, 1.924083595, 8.583781264,18.713870235,28.495017054,34.563962843,37.857364044,39.320401245,37.491305717,12.735662663,12.370404903,12.438951162,12.646562416,12.889821352,22.525342724,32.353003929,31.503066198,29.605837303,27.944113652,27.230254699,26.899966185,25.424044826, 0.000000000
 0.000000000, 0.753085614, 1.710475274, 6.158990863, 3.828773067,12.963482733,14.741756195,15.042719829,14.493694148, 5.117573022, 5.182352754, 5.232895427, 4.741264993, 3.920064458, 3.476618663, 3.572650775, 4.698202368, 5.368142467, 3.580386072, 1.848193911, 1.733914825, 3.235774799,13.829799234,20.891051598,25.182290154,25.832769245,27.779221678,31.652306980,33.062511575,11.991583110,11.354116719,10.464699681, 9.812391538, 9.295759530, 7.782750617,11.712449940,15.192151240,14.303317563,13.646463222,12.413673995,11.669119274,11.735682756, 0.000000000
 0.000000000, 0.655880940, 1.959377825, 3.681573709, 2.745769355, 6.236226346, 6.654075363, 6.752210802, 6.786751621, 2.658319499, 2.617288767, 2.624718290, 2.809886650, 2.301458292, 1.951802122, 2.655209177, 3.412131159, 3.807641196, 2.596073519, 1.431284098, 2.067245017, 3.353688043, 8.517221903, 7.996982084, 9.588882966,10.769498096,12.145232228,15.586733517,15.279237818, 6.228357591, 5.916744941, 5.662333617, 5.685865569, 5.697612355, 4.948742075, 5.481687232, 5.978233386, 6.002604525, 6.831293904, 6.775012164, 6.314062992, 6.031683170, 0.000000000
 0.000000000, 1.055876378, 2.879981599, 5.264191980, 4.534856285, 6.106958552, 5.931704934, 5.086472280, 4.556324393, 2.611660924, 2.379156961, 2.426752858, 1.305032200, 0.212961842, 0.027048683, 0.385903156, 1.192222418, 1.960009099, 2.722586089, 1.793452043, 1.115029739, 2.068994741, 0.783932893, 0.788209613, 4.518346036, 6.525701577, 6.691236305, 8.954183687,10.570101293,10.398342087,10.421514440,11.221630795,11.682615340,12.331825157,11.169290917,11.115567856,11.590393531,10.307658486,12.100285435,13.882197381,13.256422890,12.399438200, 0.000000000
 0.000000000, 1.195015800, 3.651054611, 8.180340584,11.958731754,15.109464208,13.993121574,12.920326312,11.637744951, 8.323928385, 6.760968829, 4.137023970, 1.492486383, 0.581377720, 0.519598716, 1.229529005, 1.508027333, 0.628155707, 2.390341952, 6.194334397, 7.529479993, 2.762292867, 0.000000000, 5.679558450,21.420769562,19.272505376,34.682474986,31.074871783,25.129371994,22.838872808,22.460271923,23.830366947,25.395290928,26.903734020,27.004117465,28.151401242,29.990891693,29.122545702,28.865106144,28.502314292,27.243414314,26.438226570, 0.000000000
 0.000000000, 2.990609775, 8.338184232,14.580317111,17.072266686,22.667361259,23.122796271,22.165069235,20.370859231,15.369239250,13.473374248,11.191763368, 8.525384837, 5.867235153, 4.104364681, 5.021740709, 8.787160897,10.153711487, 8.965159666,10.242906404,13.157422577,10.317260778, 6.336285702,11.108593698,32.689217842,48.663909888,50.789061504,46.471387745,43.537605821,42.002081956,41.080092431,41.085850232,41.468064864,41.847485014,42.411631954,39.988214526,36.627941692,35.703595674,35.353977637,34.836002003,33.960705893,33.449447621, 0.000000000
