 0.00000000, 0.00000000, 0.00000000, 0.00000000, 0.00000000, 0.00000000, 0.00000000, 0.00000000, 0.00000000, 0.00000000, 0.00000000, 0.00000000, 0.00000000, 0.00000000, 0.00000000, 0.00000000, 0.00000000, 0.00000000, 0.00000000, 0.00000000, 0.00000000, 0.00000000, 0.00000000, 0.00000000, 0.00000000, 0.00000000, 0.00000000, 0.00000000, 0.00000000, 0.00000000, 0.00000000, 0.00000000, 0.00000000, 0.00000000, 0.00000000, 0.00000000, 0.00000000, 0.00000000, 0.00000000, 0.00000000, 0.00000000, 0.00000000, 0.00000000, 0.00000000, 0.00000000, 0.00000000, 0.00000000, 0.00000000, 0.00000000
 0.00000000, 0.00000000, 0.00000000, 0.00000000, 0.00000000, 0.00000000, 0.00000000, 0.00000000, 0.00000000, 0.00000000, 0.00000000, 0.00000000, 0.00000000, 0.00000000, 0.00000000, 0.00000000, 0.00000000, 0.00000000, 0.00000000, 0.00000000, 0.00000000, 0.00000000, 0.00000000, 0.00000000, 0.00000000, 0.00000000, 0.00000000, 0.00000000, 0.00000000, 0.00000000, 0.00000000, 0.00000000, 0.00000000, 0.00000000, 0.00000000, 0.00000000, 0.00000000, 0.00000000, 0.00000000, 0.00000000, 0.00000000, 0.00000000, 0.00000000, 0.00000000, 0.00000000, 0.00000000, 0.00000000, 0.00000000, 0.00000000
 0.00000000, 0.00000000, 0.00000000, 0.00000000, 0.00000000, 0.00000000, 0.00000000, 0.00000000, 0.00000000, 0.00000000, 0.00000000, 0.00000000, 0.00000000, 0.00000000, 0.00000000, 0.00000000, 0.00000000, 0.00000000, 0.00000000, 0.00000000, 0.00000000, 0.00000000, 0.00000000, 0.00000000, 0.00000000, 0.00000000, 0.00000000, 0.00000000, 0.00000000, 0.00000000, 0.00000000, 0.00000000, 0.00000000, 0.00000000, 0.00000000, 0.00000000, 0.00000000, 0.00000000, 0.00000000, 0.00000000, 0.00000000, 0.00000000, 0.00000000, 0.00000000, 0.00000000, 0.00000000, 0.00000000, 0.00000000, 0.00000000
 0.00000000, 0.00000000, 0.00000000, 0.00000000, 0.00000000, 0.00000000, 0.00000000, 0.00000000, 0.00000000, 0.00000000, 0.00000000, 0.00000000, 0.00000000, 0.00000000, 0.00000000, 0.00000000, 0.00000000, 0.00000000, 0.00000000, 0.00000000, 0.00000000, 0.00000000, 0.00000000, 0.00000000, 0.00000000, 0.00000000, 0.00000000, 0.00000000, 0.00000000, 0.00000000, 0.00000000, 0.00000000, 0.00000000, 0.00000000, 0.00000000, 0.00000000, 0.00000000, 0.00000000, 0.00000000, 0.00000000, 0.00000000, 0.00000000, 0.00000000, 0.00000000, 0.00000000, 0.00000000, 0.00000000, 0.00000000, 0.00000000
 0.00000000, 0.00000000, 0.00000000, 0.00000000, 0.00000000, 0.00000000, 0.00000000, 0.00000000, 0.00000000, 0.00000000, 0.00000000, 0.00000000, 0.00000000, 0.00000000, 0.00000000, 0.00000000, 0.00000000, 0.00000000, 0.00000000, 0.00000000, 0.00000000, 0.00000000, 0.00000000, 0.00000000, 0.00000000, 0.00000000, 0.00000000, 0.00000000, 0.00000000, 0.00000000, 0.00000000, 0.00000000, 0.00000000, 0.00000000, 0.00000000, 0.00000000, 0.00000000, 0.00000000, 0.00000000, 0.00000000, 0.00000000, 0.00000000, 0.00000000, 0.00000000, 0.00000000, 0.00000000, 0.00000000, 0.00000000, 0.00000000
 0.00000000, 0.00000000, 0.00000000, 0.00000000, 0.00000000, 0.00000000, 0.00000000, 0.00000000, 0.00000000, 0.00000000, 0.00000000, 0.00000000, 0.00000000, 0.00000000, 0.00000000, 0.00000000, 0.00000000, 0.00000000, 0.00000000, 0.00000000, 0.00000000, 0.00000000, 0.00000000, 0.00000000, 0.00000000, 0.00000000, 0.00000000, 0.00000000, 0.00000000, 0.00000000, 0.00000000, 0.00000000, 0.00000000, 0.00000000, 0.00000000, 0.00000000, 0.00000000, 0.00000000, 0.00000000, 0.00000000, 0.00000000, 0.00000000, 0.00000000, 0.00000000, 0.00000000, 0.00000000, 0.00000000, 0.00000000, 0.00000000
 0.00000000, 0.08670944, 0.12470444, 0.00000000, 0.00000000, 0.00000000, 0.00000000, 0.00000000, 0.00000000, 0.00000000, 0.00000000, 0.00000000, 0.00000000, 0.00000000, 0.00000000, 0.00000000, 0.00000000, 0.00000000, 0.00000000, 0.00000000, 0.00000000, 0.00000000, 0.00000000, 0.00000000, 0.00000000, 0.00000000, 0.00000000, 0.00000000, 0.00000000, 0.00000000, 0.00000000, 0.00000000, 0.00000000, 0.00000000, 0.00000000, 0.00000000, 0.00000000, 0.00000000, 0.00000000, 0.00000000, 0.00000000, 0.00000000, 0.00000000, 0.00000000, 0.00000000, 0.00000000, 0.00000000, 0.00000000, 0.00000000
 0.00000000, 0.00000000, 0.05189316, 0.05216608, 0.00000000, 0.00000000, 0.00000000, 0.00000000, 0.00000000, 0.00000000, 0.00000000, 0.00000000, 0.00000000, 0.00000000, 0.00000000, 0.00000000, 0.00000000, 0.00000000, 0.00000000, 0.00000000, 0.00000000, 0.00000000, 0.00000000, 0.00000000, 0.00000000, 0.00000000, 0.00000000, 0.00000000, 0.00000000, 0.00000000, 0.00000000, 0.00000000, 0.00000000, 0.00000000, 0.00000000, 0.00000000, 0.00000000, 0.00000000, 0.00000000, 0.00000000, 0.00000000, 0.00000000, 0.00000000, 0.00000000, 0.00000000, 0.00000000, 0.00000000, 0.00000000, 0.00000000
 0.00000000, 0.00000000, 0.00000000, 0.00000000, 0.00000000, 0.00000000, 0.00000000, 0.00000000, 0.00000000, 0.00000000, 0.00000000, 0.00000000, 0.00000000, 0.00000000, 0.00000000, 0.00000000, 0.00000000, 0.00000000, 0.00000000, 0.00000000, 0.00000000, 0.00000000, 0.00000000, 0.00000000, 0.00000000, 0.00000000, 0.00000000, 0.00000000, 0.00000000, 0.23167374, 0.26643619, 0.00000000, 0.00000000, 0.00000000, 0.00000000, 0.00000000, 0.00000000, 0.00000000, 0.00000000, 0.00000000, 0.00000000, 0.00000000, 0.00000000, 0.00000000, 0.00000000, 0.00000000, 0.00000000, 0.00000000, 0.00000000
 0.00000000, 0.55515304, 0.00000000, 0.00000000, 0.00000000, 0.09313703, 0.08376348, 0.00000000, 0.06611546, 0.21810255, 0.34766188, 0.22426027, 0.11081029, 0.07889222, 0.00000000, 0.00000000, 0.00000000, 0.00000000, 0.00000000, 0.00000000, 0.00000000, 0.00000000, 0.00000000, 0.00000000, 0.00000000, 0.00000000, 0.16197760, 0.30666223, 0.32959684, 0.25726487, 0.27807787, 0.12299543, 0.00000000, 0.04555732, 0.08447299, 0.00000000, 0.06733149, 0.15827790, 0.12648208, 0.00000000, 0.00000000, 0.00000000, 0.17548625, 0.19419867, 0.00000000, 0.00000000, 0.00000000, 0.00000000, 0.00000000
 0.00000000, 0.67374685, 0.00000000, 0.00000000, 0.00000000, 0.18995790, 0.08722164, 0.00000000, 0.10736574, 0.50079512, 0.73844764, 0.45834294, 0.12138829, 0.00000000, 0.00000000, 0.00000000, 0.00000000, 0.00000000, 0.00000000, 0.00000000, 0.00000000, 0.00000000, 0.00000000, 0.00000000, 0.00000000, 0.17615814, 0.26603742, 0.55751567, 0.62437399, 0.47157616, 0.48109651, 0.22946542, 0.00000000, 0.17645827, 0.23137545, 0.07354537, 0.10456603, 0.22003788, 0.25282074, 0.18309304, 0.15052614, 0.23830457, 0.35067880, 0.38113491, 0.21570266, 0.08534365, 0.00000000, 0.00000000, 0.00000000
 0.00000000, 0.00000000, 0.38966435, 0.23796206, 0.21853543, 0.26027737, 0.00000000, 0.00000000, 0.19554845, 0.88991932, 1.37005562, 0.60581616, 0.00000000, 0.00000000, 0.00000000, 0.00000000, 0.00000000, 0.00000000, 0.00000000, 0.00000000, 0.11871023, 0.05925315, 0.06042639, 0.06744556, 0.00000000, 0.06389349, 0.27493009, 0.78709527, 0.92888523, 0.72009641, 0.75854482, 0.35224914, 0.00000000, 0.00000000, 0.12319309, 0.13587972, 0.20394144, 0.25099544, 0.35115988, 0.44246194, 0.37820048, 0.33070378, 0.40968499, 0.51889297, 0.32827261, 0.14023582, 0.00000000, 0.00000000, 0.00000000
 0.00000000, 0.00000000, 0.33255836, 0.37625770, 0.27150707, 0.27904244, 0.27572205, 0.26898772, 0.32362244, 1.37927956, 1.61130909, 0.48878240, 0.00000000, 0.00000000, 0.00000000, 0.00000000, 0.00000000, 0.00000000, 0.00000000, 0.00000000, 0.00000000, 0.00000000, 0.00000000, 0.00000000, 0.00000000, 0.00000000, 0.09155805, 0.62953676, 1.02929509, 0.83529674, 0.90786318, 0.43509747, 0.00000000, 0.18374920, 0.58033744, 0.82287515, 0.78521032, 0.60948941, 0.68366358, 0.61350936, 0.52802754, 0.36272237, 0.28799065, 0.33185041, 0.29528368, 0.11194084, 0.00000000, 0.00000000, 0.00000000
 0.00000000, 0.00000000, 0.36113558, 0.26951096, 0.25101494, 0.27804909, 0.57009690, 0.57395716, 0.32344733, 1.26766823, 1.87795751, 0.85336712, 0.00000000, 0.00000000, 0.00000000, 0.00000000, 0.00000000, 0.00000000, 0.00000000, 0.00000000, 0.00000000, 0.00000000, 0.00000000, 0.00000000, 0.00000000, 0.00000000, 0.14124575, 1.06127473, 1.60142853, 1.24455443, 1.28255323, 0.59230511, 0.00000000, 0.22156614, 0.60230059, 1.08582871, 1.15248810, 0.95746046, 0.76282777, 0.58759036, 0.50021157, 0.36248493, 0.24896345, 0.23076353, 0.21573244, 0.00000000, 0.00000000, 0.00000000, 0.00000000
 0.00000000, 0.00000000, 0.23452887, 0.18870060, 0.17351538, 0.44217664, 0.62197532, 0.38934505, 0.40736289, 1.06630764, 1.19624773, 0.56997661, 0.00000000, 0.00000000, 0.00000000, 0.00000000, 0.00000000, 0.00000000, 0.00000000, 0.00000000, 0.00000000, 0.00000000, 0.00000000, 0.00000000, 0.00000000, 0.00000000, 0.19038960, 1.25367977, 1.63007296, 1.17500754, 1.18565625, 0.53904192, 0.00000000, 0.72816964, 0.78338831, 1.31761328, 1.31906219, 0.94448270, 0.61793725, 0.46674636, 0.41825812, 0.35651941, 0.29367596, 0.25208678, 0.00000000, 0.00000000, 0.00000000, 0.00000000, 0.00000000
 0.00000000, 0.00000000, 0.12048950, 0.18480450, 0.19307836, 0.21201443, 0.24281206, 0.33359874, 0.36918367, 0.46445410, 0.55759235, 0.54210143, 0.19895737, 0.00000000, 0.00000000, 0.00000000, 0.00000000, 0.00000000, 0.00000000, 0.00000000, 0.00000000, 0.00000000, 0.00000000, 0.00000000, 0.00000000, 0.00000000, 0.18200773, 0.76565958, 0.89418817, 0.63393622, 0.64750484, 0.60100202, 0.60431343, 0.32219022, 0.51483110, 1.13647874, 1.08885624, 0.83711186, 0.62788296, 0.51798922, 0.45201288, 0.41197383, 0.36658050, 0.32859802, 0.27703757, 0.00000000, 0.00000000, 0.00000000, 0.00000000
 0.00000000, 0.00000000, 0.07574526, 0.08328478, 0.09443307, 0.12811310, 0.08443899, 0.09073989, 0.20551408, 0.31990751, 0.35507497, 0.25634512, 0.12321490, 0.08829089, 0.00000000, 0.00000000, 0.00000000, 0.00000000, 0.00000000, 0.00000000, 0.00000000, 0.00000000, 0.00000000, 0.00000000, 0.00000000, 0.00000000, 0.20525167, 0.47090088, 0.42453238, 0.30328522, 0.48362721, 0.47821478, 0.33735514, 0.31949387, 0.56328023, 0.91841531, 0.88539918, 0.77752255, 0.62802432, 0.52609367, 0.46960488, 0.43610305, 0.41096733, 0.41014919, 0.28358114, 0.13727269, 0.00000000, 0.00000000, 0.00000000
 0.00000000, 0.00000000, 0.00000000, 0.00000000, 0.05938215, 0.16647881, 0.09977396, 0.09459140, 0.16577371, 0.22065576, 0.25132618, 0.30033734, 0.30200171, 0.32039927, 0.16787026, 0.00000000, 0.00000000, 0.00000000, 0.00000000, 0.00000000, 0.00000000, 0.00000000, 0.17112071, 0.06311749, 0.05581369, 0.06508268, 0.14331236, 0.45644121, 0.50900692, 0.40934499, 0.45253900, 0.45768111, 0.48630910, 0.42749308, 0.70742421, 1.18301647, 1.17334850, 0.95863111, 0.77182751, 0.67778545, 0.61502504, 0.55854871, 0.50075291, 0.49267677, 0.34626057, 0.17852455, 0.00000000, 0.00000000, 0.00000000
 0.00000000, 0.00000000, 0.00000000, 0.00000000, 0.00000000, 0.00000000, 0.00000000, 0.00000000, 0.05888942, 0.22725153, 0.47175635, 0.62910310, 0.66657658, 0.73120979, 0.37079371, 0.09556518, 0.05723973, 0.00000000, 0.00000000, 0.00000000, 0.15821161, 0.08174106, 0.16371134, 0.17941888, 0.10667129, 0.23438006, 0.24708427, 0.57920027, 0.86914956, 0.72427727, 0.82685809, 0.87108491, 0.90911120, 0.47446591, 0.48524385, 1.71120810, 1.96918239, 1.44620453, 1.35342759, 1.28010446, 1.14429238, 1.03072402, 0.89745257, 0.80215104, 0.59529807, 0.24600557, 0.00000000, 0.00000000, 0.00000000
 0.00000000, 0.00000000, 0.00000000, 0.00000000, 0.00000000, 0.00000000, 0.00000000, 0.00000000, 0.07597495, 0.39461432, 0.90925198, 1.24313489, 1.31839182, 1.39804705, 0.71696232, 0.00000000, 0.00000000, 0.00000000, 0.00000000, 0.16552355, 0.28350684, 0.20426617, 0.11898839, 0.23902122, 0.27689399, 0.29261180, 0.31799315, 0.77297503, 1.15468292, 1.00829936, 1.22067023, 1.32260091, 1.43790709, 0.79607043, 0.96980725, 2.91777854, 2.96895413, 2.24394691, 2.31474529, 2.30084080, 2.01386797, 1.82397632, 1.65456515, 1.39230564, 0.79757901, 0.17682996, 0.00000000, 0.00000000, 0.00000000
 0.00000000, 0.00000000, 0.00000000, 0.10116079, 0.04291260, 0.00000000, 0.00000000, 0.51211332, 0.30082899, 0.66409323, 1.08337938, 1.44739223, 1.52270743, 1.58103737, 0.79382178, 0.00000000, 0.00000000, 0.00000000, 0.09472031, 0.30722434, 0.43163578, 0.26870085, 0.13130970, 0.11071551, 0.11290500, 0.11808320, 0.13147013, 0.61960306, 0.91647812, 0.81264890, 1.02213806, 1.16684435, 1.37528784, 0.79990347, 0.61316983, 1.95141701, 2.68603347, 2.58711742, 2.40136660, 2.40799323, 2.41655911, 2.33531280, 2.05902886, 1.71747067, 0.94904457, 0.20679053, 0.00000000, 0.00000000, 0.00000000
 0.00000000, 0.00000000, 0.34671385, 0.12383262, 0.24260141, 0.17609658, 0.00000000, 0.15825702, 0.22962749, 0.49849956, 0.73598563, 0.91025282, 0.93138541, 0.73206292, 0.22709997, 0.00000000, 0.00000000, 0.10667374, 0.23528992, 0.38223707, 0.41195216, 0.21919331, 0.10431500, 0.18146272, 0.17911746, 0.10964310, 0.13174685, 0.48602220, 0.64757828, 0.53633852, 0.62582022, 0.71629837, 0.86396464, 0.50005192, 0.48741926, 1.44949343, 1.70471050, 1.48513958, 1.35319643, 1.36707466, 1.48987473, 1.52682083, 1.38932996, 1.28311900, 1.02595575, 0.37300558, 0.00000000, 0.00000000, 0.00000000
 0.00000000, 0.00000000, 0.00000000, 0.10216969, 0.15574965, 0.29860367, 0.12510023, 0.18258167, 0.18815721, 0.30260736, 0.39693563, 0.44179635, 0.44832029, 0.36330329, 0.10643720, 0.00000000, 0.00000000, 0.08055389, 0.17507233, 0.28276897, 0.26684853, 0.14000396, 0.14341029, 0.20439510, 0.20863828, 0.17989496, 0.24786321, 0.62053059, 0.58145110, 0.45535036, 0.50352254, 0.54623679, 0.60917181, 0.55116787, 0.81946710, 1.26097165, 1.14773289, 0.95349299, 0.81833432, 0.74614850, 0.77657417, 0.77526970, 0.71122774, 0.67812894, 0.59728392, 0.31602489, 0.00000000, 0.00000000, 0.00000000
 0.00000000, 0.00000000, 0.00000000, 0.00000000, 0.20410353, 0.22845573, 0.00000000, 0.19622652, 0.18303249, 0.25654547, 0.28429906, 0.31501977, 0.32233270, 0.22094675, 0.06125795, 0.00000000, 0.00000000, 0.00000000, 0.00000000, 0.00000000, 0.00000000, 0.00000000, 0.00000000, 0.00000000, 0.00000000, 0.06951259, 0.26757549, 0.55425323, 0.70265732, 0.78994079, 0.65291500, 0.47743243, 0.79876894, 1.07973934, 1.09012387, 1.13761939, 1.00884914, 0.80480091, 0.66049071, 0.59453392, 0.56666348, 0.52968601, 0.49336875, 0.46525136, 0.40317217, 0.20453709, 0.00000000, 0.00000000, 0.00000000
 0.00000000, 0.00000000, 0.80918970, 0.00000000, 0.00000000, 0.00000000, 0.00000000, 0.31347628, 0.26122942, 0.33045456, 0.33379223, 0.34036463, 0.33704595, 0.28327078, 0.11461114, 0.00000000, 0.00000000, 0.00000000, 0.00000000, 0.00000000, 0.00000000, 0.00000000, 0.00000000, 0.00000000, 0.00000000, 0.16113175, 0.31139374, 0.56289781, 0.74942785, 0.87553659, 0.74356198, 0.54616519, 0.91818368, 1.00054534, 0.98453109, 1.30470240, 1.07148460, 0.80934201, 0.72720406, 0.65765256, 0.63896865, 0.59525598, 0.53577224, 0.48867958, 0.39066750, 0.18630615, 0.00000000, 0.00000000, 0.00000000
 0.00000000, 0.00000000, 0.76636222, 1.22082090, 0.93778933, 0.00000000, 0.00000000, 0.29808669, 0.32045731, 0.47488705, 0.46423650, 0.47791577, 0.46121062, 0.35904113, 0.15160261, 0.00000000, 0.00000000, 0.00000000, 0.00000000, 0.00000000, 0.00000000, 0.00000000, 0.00000000, 0.00000000, 0.00000000, 0.00000000, 0.19626928, 0.68073596, 0.92101224, 1.06987097, 0.92129743, 0.69913467, 1.18925362, 1.29188150, 1.18367737, 1.61628546, 1.46513084, 1.05429144, 0.89885511, 0.82712664, 0.83551370, 0.79901426, 0.68751394, 0.59057011, 0.44198918, 0.18837901, 0.00000000, 0.00000000, 0.00000000
 0.00000000, 0.00000000, 0.46586640, 0.65974358, 0.26882920, 0.00000000, 0.00000000, 0.46029698, 0.60379932, 0.90959331, 0.88422109, 0.76312490, 0.70527871, 0.60146277, 0.38539338, 0.12070191, 0.00000000, 0.00000000, 0.00000000, 0.00000000, 0.00000000, 0.00000000, 0.00000000, 0.00000000, 0.00000000, 0.00000000, 0.23690869, 0.83933309, 1.19484746, 1.41824956, 1.27132959, 0.97903293, 1.70985428, 2.68378666, 2.82169596, 2.48679383, 1.88290546, 1.45058366, 1.39499673, 1.33583834, 1.32189668, 1.18990369, 0.99510436, 0.74533507, 0.50907883, 0.23017573, 0.00000000, 0.00000000, 0.00000000
 0.00000000, 0.54753700, 0.26199798, 0.22479779, 0.26043187, 0.55425994, 0.00000000, 0.52428427, 1.05655101, 1.56840668, 1.63897503, 1.56920262, 1.48881772, 1.22147199, 0.74446545, 0.21392081, 0.00000000, 0.00000000, 0.00000000, 0.00000000, 0.00000000, 0.00000000, 0.00000000, 0.00000000, 0.00000000, 0.00000000, 0.13250713, 0.83547865, 1.71848212, 2.21291870, 2.98294480, 3.69064400, 4.34752817, 5.09123553, 5.78570086, 5.55299970, 3.70558008, 2.63919063, 2.70414156, 2.62384729, 2.50156471, 2.06466019, 1.57987035, 1.08105287, 0.57393498, 0.17620275, 0.00000000, 0.00000000, 0.00000000
 0.00000000, 0.43547929, 0.22009151, 0.09935979, 0.22430766, 0.45192671, 0.00000000, 0.88821501, 1.76285106, 1.95337666, 2.20105576, 2.56060737, 2.74398452, 2.34600544, 1.84713555, 0.84609834, 0.00000000, 0.00000000, 0.00000000, 0.00000000, 0.00000000, 0.00000000, 0.00000000, 0.00000000, 0.00000000, 0.00000000, 0.15744052, 1.33269970, 3.16863721, 4.39644799, 5.97576946, 6.98198220, 7.67753251, 8.66507717, 9.41667019, 8.62881017, 5.92345179, 4.64768388, 4.51520570, 4.05334446, 3.88923075, 3.73300420, 3.02489801, 1.40071509, 0.61512645, 0.39341801, 0.00000000, 0.00000000, 0.00000000
 0.00000000, 0.42940862, 0.20642747, 0.10020990, 0.21992033, 0.38838763, 0.27285346, 0.94185004, 1.33986738, 1.55125535, 1.87165758, 2.33415268, 2.63796361, 2.46257769, 2.22296212, 1.21291186, 0.00000000, 0.00000000, 0.00000000, 0.00000000, 0.00000000, 0.00000000, 0.00000000, 0.00000000, 0.00000000, 0.00000000, 0.23555930, 2.43494296, 5.71362022, 7.84519335,10.57192278,12.10293781,12.07442029,11.01716494, 8.97788080, 7.30288514, 5.88587660, 4.80898080, 2.05690061, 4.53978327, 5.27690827, 5.29171094, 4.68748885, 5.11477470, 3.48407598, 0.45098457, 0.00000000, 0.00000000, 0.00000000
 0.00000000, 0.38260601, 0.17940631, 0.08313917, 0.29833102, 0.65982392, 0.82452974, 0.76082378, 0.70998866, 0.86612856, 1.09117740, 1.35262540, 1.55175533, 1.59000954, 1.64050445, 0.99883612, 0.00000000, 0.00000000, 0.00000000, 0.00000000, 0.00000000, 0.00000000, 0.00000000, 0.16495505, 0.08970771, 0.00000000, 0.44481012, 4.12086324, 8.87506041,10.37979663,11.57769307, 8.98879548, 8.09757841, 7.50700735, 5.30561016, 4.77060191, 4.58019093, 3.69959484, 1.54485287, 3.62070871, 4.32534214, 4.09761050, 3.73391963, 3.17181868, 3.00572440, 1.47138251, 0.00000000, 0.00000000, 0.00000000
 0.00000000, 0.37667558, 0.16917388, 0.22951055, 0.38144630, 0.59436216, 0.67403381, 0.52777421, 0.42358261, 0.48890259, 0.57793867, 0.72882415, 0.80555141, 0.77423737, 0.80358814, 0.50729776, 0.00000000, 0.54359492, 0.21831342, 0.18801455, 0.19429193, 0.25471302, 0.17424413, 0.24888098, 0.28336703, 0.00000000, 0.00000000, 2.29634634, 8.71167668,10.38169773, 9.19151188, 5.95219227, 4.14493549, 3.90521392, 3.06091196, 2.68994957, 2.34383583, 1.98612982, 1.71269773, 1.89929768, 2.13658476, 2.08149075, 1.77736921, 1.79213500, 2.19375516, 2.02573734, 0.59820687, 0.00000000, 0.00000000
 0.00000000, 0.40440123, 0.33929336, 0.30664711, 0.38294595, 0.29573647, 0.16866898, 0.36154048, 0.33332824, 0.36742192, 0.42533994, 0.50039383, 0.55290150, 0.56365938, 0.54895924, 0.29492210, 0.00000000, 0.35011883, 0.47446763, 0.44334627, 0.39514176, 0.37888453, 0.32046271, 0.35077422, 0.25713239, 0.00000000, 0.00000000, 0.00000000, 5.32353043, 6.69760998, 5.57521194, 4.78772880, 4.15016843, 3.71355994, 2.89320044, 2.41200674, 2.10558903, 1.70286997, 1.56366565, 1.56310496, 1.53450391, 1.45892768, 1.33077678, 1.18105338, 1.30764454, 1.29047176, 0.28306847, 0.00000000, 0.00000000
 0.00000000, 0.46071147, 0.19249717, 0.27159113, 0.43460445, 0.46087509, 0.17190072, 0.24643019, 0.30583157, 0.33769327, 0.39340740, 0.46374282, 0.48735399, 0.50432997, 0.54480925, 0.56734057, 0.57711504, 0.59633568, 0.57305771, 0.61372686, 0.78156470, 0.81317919, 0.85084160, 0.97345542, 0.97040275, 0.29337444, 0.00000000, 2.37574220, 5.64211167, 5.05993763, 4.96260521, 4.65742938, 4.36697758, 4.45283138, 4.33627009, 3.04513233, 1.93879389, 1.59404117, 1.34075746, 1.29235163, 1.29292349, 1.22265210, 1.15081836, 1.14440578, 1.18235478, 0.92765566, 0.20972761, 0.00000000, 0.00000000
 0.00000000, 0.47587359, 0.20534388, 0.20736860, 0.35979264, 0.48654805, 0.18616030, 0.26221789, 0.28741852, 0.32095564, 0.36558504, 0.41314160, 0.42070515, 0.41570023, 0.44507289, 0.46308470, 0.43458707, 0.41749433, 0.37950026, 0.43135754, 0.64483170, 0.92038509, 1.24922502, 1.36896599, 0.89045098, 0.00000000, 0.00000000, 3.82869683, 5.90952869, 4.73383147, 4.74274607, 4.44644766, 4.22762128, 4.42644332, 3.25764111, 2.26291421, 2.10136279, 1.58922513, 1.26256430, 1.12143864, 1.14016526, 1.10543594, 1.05909727, 1.06652274, 0.95505736, 1.00207869, 0.49527875, 0.00000000, 0.00000000
 0.00000000, 0.54660323, 0.22988019, 0.12493868, 0.29804428, 0.59331767, 0.21912163, 0.14091440, 0.20520260, 0.30736543, 0.35056851, 0.40876599, 0.41742473, 0.40964074, 0.45649640, 0.48262130, 0.22226366, 0.08019967, 0.18081230, 0.23749527, 0.41501334, 0.68688084, 1.00599676, 1.29479238, 1.55433809, 1.84676755, 4.41792234, 6.06396381, 5.44686796, 5.79839561, 6.17383238, 6.35273767, 6.30457090, 5.16359997, 3.75442039, 3.12912377, 2.93058137, 2.01366382, 1.29122342, 1.28846661, 1.31335244, 1.22266594, 1.12606104, 1.08755787, 1.09147082, 1.10468281, 0.48360374, 0.00000000, 0.00000000
 0.00000000, 0.67099802, 0.27444879, 0.15422630, 0.37737917, 0.72657642, 0.25846508, 0.14321749, 0.21065898, 0.33921706, 0.39007560, 0.45157047, 0.44340814, 0.42267583, 0.43250962, 0.45055054, 0.21189870, 0.00000000, 0.13350535, 0.25850892, 0.28933841, 0.43992191, 0.71992625, 0.99256649, 1.21798587, 1.45018194, 3.59951717, 5.88559959, 6.47057365, 7.25517388, 8.64455902, 9.82628594,10.00844766, 6.88936984, 4.23410108, 4.34678926, 2.65603103, 0.95704775, 1.05987228, 1.22212793, 1.26603050, 1.17301066, 1.10504512, 1.10539692, 1.15313806, 1.17531189, 0.58631793, 0.00000000, 0.00000000
 0.00000000, 0.88344451, 0.35449273, 0.39734320, 0.49855260, 0.94553964, 0.31220364, 0.18705850, 0.24982708, 0.39475794, 0.45897774, 0.48789127, 0.47844852, 0.47435843, 0.44377283, 0.32214401, 0.11694869, 0.22141306, 0.51270484, 0.62315626, 0.57538308, 0.50405624, 0.53015180, 0.68762372, 0.46395964, 0.26826287, 2.35107603, 5.51776025, 6.13122819, 6.87285685, 7.87259422, 9.02868148, 9.49981292, 8.71274438, 8.34768373,11.00953413, 6.06263041, 0.00000000, 1.07080207, 1.42048034, 1.46226350, 1.38017524, 1.33867798, 1.31459820, 1.31020809, 1.36678314, 0.78176692, 0.00000000, 0.00000000
 0.00000000, 1.14562626, 0.46329241, 0.55706958, 0.68293021, 1.17267397, 0.36312484, 0.39084980, 0.33736940, 0.43571773, 0.53965611, 0.61539965, 0.63798637, 0.61206095, 0.65969774, 0.80257765, 0.97388366, 0.90987153, 0.95900543, 1.10375778, 1.00599211, 0.94361995, 0.82363168, 0.64468131, 0.28769386, 0.14575487, 2.00017668, 5.23217368, 5.80185276, 5.99102996, 6.30739068, 7.01111050, 8.47324116,10.23020229,11.82521624,12.99562570, 6.14750010, 0.00000000, 1.32722565, 1.99451368, 1.96077545, 1.75010433, 1.60297651, 1.47917448, 1.36062805, 1.39280924, 0.73606143, 0.00000000, 0.00000000
 0.00000000, 1.40455025, 1.14988490, 1.44475108, 1.90156471, 1.71882186, 0.50279932, 0.28211941, 0.40117027, 0.64826335, 0.83451323, 0.90758728, 0.94187757, 1.03510475, 1.25476001, 1.47147482, 1.69421123, 1.42555665, 1.20374602, 1.36997783, 1.23773770, 1.07580164, 0.84386016, 0.61848276, 0.33694916, 0.19601857, 2.45234952, 6.24561178, 6.97541161, 7.85736862, 8.35069261, 7.93525696, 7.40781842, 7.43569526, 8.18278574, 8.02160255, 7.31861100, 6.69917789, 4.48052542, 2.96851191, 2.52319693, 2.31224933, 2.10873055, 1.94860618, 1.82529819, 1.82144206, 0.97580054, 0.00000000, 0.00000000
 0.00000000, 2.24761582, 2.50567278, 2.36223763, 3.30512651, 2.82300185, 0.82170750, 0.46810160, 0.72898118, 1.18531024, 1.43515524, 1.60181224, 1.81505577, 2.05725794, 2.38952579, 2.57470522, 1.70039921, 1.22792890, 1.17440396, 1.15124110, 1.05700395, 1.00246258, 0.90244500, 0.77442800, 0.46033625, 0.30172106, 3.65690976, 9.07003840,11.20000834,13.00812962,12.94386351,12.20062018, 8.70360514, 6.11664961, 6.85461820, 8.04337706, 8.05856767, 5.86795743, 5.17061360, 5.22317722, 4.49896559, 4.15882135, 3.80678575, 3.47578336, 3.07483999, 3.06189029, 1.83132465, 0.00000000, 0.00000000
 0.00000000, 4.47259613, 3.87236713, 3.92705401, 5.59799758, 4.51269742, 1.21972314, 0.66681531, 1.13641069, 1.70096581, 2.15052300, 2.48836803, 2.66348157, 2.77385829, 2.98417457, 3.06915046, 1.44948353, 1.07413967, 1.39073526, 1.22295597, 1.10845448, 1.01926865, 0.92078283, 0.81563484, 0.74612781, 0.51136608, 5.07797667,15.64431445,18.28348586,17.04155545,16.47668337,13.08068361,11.51703788,13.18016314,11.89847154,10.76996661,13.72938487,16.59819912, 4.36284873, 8.13104075, 7.42236228, 6.63974252, 5.96808303, 5.30467871, 4.56826609, 4.42124880, 2.77613308, 0.00000000, 0.00000000
 0.00000000, 7.91457673, 6.55305568, 8.88590938,11.25542213, 8.56196504, 4.65238419, 2.58445654, 2.03471033, 2.95613781, 3.78369951, 4.24186748, 4.19346037, 3.91546055, 3.74373444, 3.63053491, 1.77669398, 0.67496924, 1.12894598, 1.20169354, 1.19546991, 1.22200543, 1.21875448, 1.14177734, 1.10019462, 0.00000000, 3.84395427,17.25628755,24.36957820,26.55276685,24.09018302,22.35549852,20.92175508,19.71362615,18.45988745,17.00285771,15.86225099,15.26456184, 1.96352526, 7.44988743,10.45055989,11.12046173,11.33912657,10.42152159, 9.54709935, 8.52099519, 4.73309881, 0.00000000, 0.00000000
 0.00000000,14.86806008,12.06152603,14.75818872,14.76086346,10.96084392, 4.17896621, 2.40003238, 2.86190997, 3.74001855, 4.61928709, 5.05912922, 5.22592763, 5.15115604, 4.85377806, 4.59718379, 2.30468445, 1.74523392, 1.93058245, 1.53484722, 1.44151362, 1.40112093, 1.35246837, 1.20367946, 1.10803235, 0.00000000, 4.20917774,14.90404955,15.48268168,16.21645845,17.21400526,15.19202702,13.47881237,10.64165735, 8.69945745, 9.50816438,11.07354731,10.53880307,12.65300669,17.55066441,17.13994285,19.68420493,21.39055904,19.05730251,15.64499602,14.20129048,10.69269164, 0.00000000, 0.00000000
 0.00000000,20.42807543,12.66931020,22.70891745,21.94701856,12.35627322, 0.00000000, 0.00000000, 2.02048799, 3.28164985, 4.50719793, 6.14449477, 7.20397503, 8.01159999, 7.97276734, 7.19388701, 4.37696207, 1.36454031, 1.30185763, 1.50090797, 1.55169429, 1.62071370, 1.63649714, 1.62943467, 1.63795330, 0.00000000, 3.60645258,16.84136807,15.33080792,11.43345397,11.64191415,10.85481836,10.50981679,10.68538214,10.55397913,10.35103891,11.56798714,13.76302152,17.53047253,22.59201670,21.99642032,18.37304861,15.41753508,12.59047722,11.66521425,12.40637247,10.54092848, 0.00000000, 0.00000000
 0.00000000, 0.00000000,10.69812840,20.55008884,22.48541757,24.69519783,24.92557797, 0.00000000, 4.58276253, 5.00305851, 7.01122259,10.11958995,12.31303619,13.54652799,13.43712340,12.20104218,11.16251821, 3.64649490, 2.33963926, 2.30614405, 2.30735787, 2.33386639, 2.30633758, 2.16500470, 2.03745164, 0.00000000, 9.56422760,19.50581363,17.91201987,12.31449800,10.61522358, 9.76494261, 8.76620341, 8.07955948, 7.64067145, 7.35392943, 7.65512326, 8.48776204,10.44589449,13.52859897,13.77508121,13.16275277,13.66210406,12.12264772,14.85515084,17.25078366,11.53562487, 0.00000000, 0.00000000
 0.00000000,13.64738260, 0.00000000, 7.60005738, 7.16628808,16.25504865,19.36493662, 5.76970792, 6.03653117, 9.25331723,10.39222910,11.37574415,11.34201937,11.62837233,11.35209041, 7.59155760, 2.38768127, 0.00000000, 1.67897794, 2.74658734, 2.66618508, 2.63431874, 2.58096872, 2.57674022, 2.57653952, 0.00000000, 0.00000000, 5.21741958, 7.66641992, 7.29023450, 6.83007689, 6.44263621, 6.61764225, 7.15274024, 7.22724923, 6.34318458, 7.18059273, 9.62929392,11.20669956,10.71358752,12.05942379,16.01815419,13.87858699,12.26174810,16.98823199,26.67686720, 0.00000000, 0.00000000, 0.00000000
 0.00000000,11.71670239, 0.00000000, 2.67709678, 6.62047324,13.34561527, 9.23479065, 0.00000000,13.32172880,15.96005087,20.26262806,21.20037168,18.90106292,16.65512426,15.33582658,15.16587575,15.65751413, 0.00000000, 3.87612426, 4.62366323, 5.05012560, 4.99965697, 4.90712952, 4.68437170, 4.74540483, 0.00000000, 2.40314241, 7.49560543,10.66062973,10.52022222, 9.58766404, 9.35798894, 9.44913170, 9.58710117, 8.37981499, 6.62787699, 5.46174475, 7.29667443, 8.52999626, 9.64509535,13.06224775,11.67298419,12.54011565,16.41871361,17.70045698,18.25756609, 0.00000000, 0.00000000, 0.00000000
 0.00000000,10.12489803, 0.00000000, 0.00000000, 5.66988643,12.43794496,16.32131959,18.49341365,17.93525822,19.04149362,22.45367492,24.54221579,23.59812852,21.34582929,20.60918611,20.06542369, 0.00000000, 0.00000000, 7.14376457, 6.91504527, 6.65495538, 6.20693193, 5.81197826, 5.48952077, 4.90824863, 2.63814105, 0.00000000, 5.53095824,10.26043023, 9.24210476, 8.02423659, 7.22599187, 6.82347085, 6.43217285, 5.13205626, 4.39662426, 4.22540139, 3.71562829, 3.99431547, 4.95813405, 6.70535919, 8.21419493, 8.92477507, 9.18052419, 8.58835311, 8.44465124, 7.31233092, 0.00000000, 0.00000000
 0.00000000,10.77844817, 0.00000000, 2.83195380, 3.34649876, 8.82384735, 7.54234971, 3.08224575, 6.85382279,12.07958062,12.38282328,13.77005050,13.12099868,12.32767718,12.06378774,11.93225120, 6.40696160, 0.00000000, 4.35798452, 5.94460189, 5.98103918, 6.28077692, 6.78453358, 7.05301523, 7.60020655, 0.00000000, 0.00000000, 7.19194070, 6.50320464, 6.17416395, 6.11010262, 6.12742287, 5.27362233, 6.46706781, 6.36396807, 5.36419141, 5.45135790, 6.06894455, 7.29678782, 8.83736912,10.26608088,12.18471918,12.30227629,11.18854560,11.87767880,14.01036755, 0.00000000, 0.00000000, 0.00000000
 0.00000000, 9.25456968, 0.00000000, 0.00000000, 3.25774861, 9.59418905,13.37951351,12.16871459,13.02046376,14.87700815,13.62233683,12.14775346,10.67613597, 9.99365388, 9.96241762, 9.98817101,10.92292763, 9.55993861, 9.10114628,11.35695874,11.93757023,12.93456565,13.49620412,13.90087850,15.27272127,17.07624780,20.12198977,20.08988744,15.14894235,11.42530134,10.50454943,10.62594176,10.62461065,10.80048251,11.08643432,11.07678773,11.08437814, 9.86746442, 8.24710190, 8.70854051,10.08804043,10.69210751,11.10322944,11.06583538,11.27486970,12.21612891, 0.00000000, 0.00000000, 0.00000000
 0.00000000,10.10896061, 0.00000000, 0.00000000, 3.67298309, 8.44466902,15.78862526,16.53492519,17.12968613,18.64185139,17.10407158,15.43839266,14.35942430,13.05761379,13.24811816,13.59706296,15.55976108,15.54132926,14.45223698,16.18015139,17.11571527,16.85950192,17.45099845,17.38378378,16.67924831,16.92634715,13.66929570,11.89599811,12.68868859,11.54258117,10.44425035, 9.85616484, 9.40337517, 8.86145343, 7.57824589, 6.59507590, 6.56308465, 6.13430423, 5.66251378, 6.18821148, 6.50060941, 6.58873155, 6.89862185, 6.58893706, 6.04291896, 5.96478089, 5.61448685, 0.00000000, 0.00000000
 0.00000000, 3.53003613, 1.27390054, 1.84676743, 2.94189131, 4.54365767, 3.88513050, 3.77605542, 3.95854612, 3.61648871, 3.48075464, 3.44276419, 3.21483298, 3.09138808, 2.91507243, 3.12466519, 3.79268211, 3.71936436, 3.47964271, 3.50813119, 3.41789411, 3.57483338, 3.61407633, 3.76875806, 4.43298128, 4.98279356, 4.99452868, 5.41642499, 5.17761172, 4.28555402, 4.16634583, 4.95245551, 3.72238411, 3.61209166, 4.25460381, 6.51179177, 8.44975708, 8.83700558, 9.24492125,10.02182185,11.28617129,12.15502992,12.68777201,13.12759595,12.64890357,11.93379035,11.27038930, 0.00000000, 0.00000000
 0.00000000, 3.67929335, 2.13988610, 3.74491031, 5.14691724,10.17279845,13.91135632,13.10468992,11.54470355,11.10398165,11.18826612,11.33242051,10.62907448, 9.88013728, 9.59148134, 9.19729140, 8.93135838, 9.54825071, 9.42335623, 8.51260800, 9.12249781,10.04975746,10.46550148,11.38755379,12.83664965,14.54865853,17.60659302,21.00693667,19.85620261,16.27411676,15.23011557,15.47111826, 5.84408329, 6.01403335, 8.40727757,13.85633134,18.09743116,19.38733669,19.76315770,19.72949497,21.03810620,23.34017599,23.66879374,23.50591417,24.36833418,23.56217054,21.51466294, 0.00000000, 0.00000000
 0.00000000, 3.15298133, 1.60090852, 3.26626526, 3.02031519,10.14365624,24.24886716,26.09182826,24.34065091,23.87499376,22.93029300,21.88262366,21.83060543,21.61003921,20.37646771,19.71735248,22.35444410,23.30230413,20.65809223,19.56689929,19.05252526,19.00736298,20.75855143,22.78885168,24.04967368,25.46955151,28.46890105,33.46359677,35.09494240,31.98830388,29.52705803,28.53293989,10.12564666, 9.89288640, 9.27435503,16.32550477,23.92902676,24.08991720,23.99003543,23.56908734,22.74799167,21.39015612,21.36890863,22.43145566,21.63483529,20.67952111,20.79875285, 0.00000000, 0.00000000
 0.00000000, 3.76865957, 2.15193354, 4.33061460, 9.31480182,19.79301297,27.59988080,30.30063181,27.12154992,24.53810956,25.02743579,25.81142306,24.43081547,23.24610065,23.83452119,25.24772246,27.47871772,28.98138205,27.03862014,23.73279029,22.95383785,23.12869549,22.49654509,22.50257633,23.15462616,23.56842966,22.67084730,26.55570997,30.44977229,27.50500867,24.37372178,22.64703427, 8.17011851, 7.68001001, 6.69990919,10.20475043,13.82397017,13.35204046,12.34972617,10.72365522, 9.66083755, 9.71880728, 9.94044766, 9.50584514, 9.28125605, 9.55914218, 9.20245471, 0.00000000, 0.00000000
 0.00000000, 3.72333632, 7.94504640,13.09103606, 7.90967020,15.79998729,16.36700885,14.30075289,12.88991424,11.84853237,12.08116340,12.39294940,12.42618951,11.91892617,11.21626579,13.72712992,16.79735996,14.95411196,13.79362082,12.93662870,11.04108407,10.71817859,11.16445166,11.22396388,10.37729241, 8.85021198, 6.66959277,10.11372711,14.35794643,11.41600370,10.09978071, 9.62256156, 5.04045549, 5.06815390, 5.04425700, 5.39736546, 5.89414662, 6.04084540, 5.91387248, 5.43435915, 5.82919284, 6.81044691, 7.08398318, 7.08160313, 6.61496634, 6.03997158, 6.06564532, 0.00000000, 0.00000000
 0.00000000, 0.32648294, 1.49739394, 7.12650695, 1.93948520, 5.73036657, 9.02507247, 6.98060760, 5.67276640, 6.08521823, 5.89662906, 6.08107197, 6.09717236, 5.29220708, 4.46442761, 6.04311843, 8.56096620, 5.92648040, 4.65740418, 5.22705863, 5.58790591, 6.47533719, 7.09850695, 7.52761401, 7.95532525, 8.46565093, 6.85770967,11.38134699,16.62778607,11.19130539,10.48031641,10.71495530,10.33217973,10.54864378,11.09060731,10.73906679,10.91120636,11.81816334,12.25376429,11.70937760,11.95422280,13.65866095,14.56071581,15.14058267,15.31727111,14.39984556,13.09618301, 0.00000000, 0.00000000
 0.00000000, 0.52834983, 1.20613381, 0.67051773, 4.55103847,11.09223384,17.57822477,20.33253950,17.43287395,13.28424884,11.66671505,11.55233051,11.64107750,11.35495822,11.07323323,11.63066182,14.18601484,17.43542830,16.18199902,11.76822944,11.23009118,13.46923895,14.43497699,14.85001972,15.88162242,17.28062088,19.08297162,26.95217492,33.56322747,29.97411372,25.30337036,24.06325219,23.82860680,23.90326364,24.50366095,24.51482686,24.43804657,25.41532445,26.60046803,27.06073128,27.91579055,29.81474673,30.27774115,28.96477349,28.51932331,28.93340818,29.03442431, 0.00000000, 0.00000000
 0.00000000, 0.00000000, 3.44745477, 6.62425621, 8.23299338,19.10075748,26.49657315,31.52779402,30.60836430,26.72872074,24.40573608,23.72570053,22.71237660,21.22140708,20.23284787,20.47607529,24.26527677,29.98862826,31.39377141,27.47769780,23.77565669,23.39890160,24.76587997,26.59335290,28.68218501,30.64598758,33.66571357,41.59263352,49.33650159,49.19254503,45.06278966,41.75844889,39.70273615,38.58031126,38.09375182,37.79927072,36.11850008,34.74112312,34.46610312,33.36818822,32.13432291,31.32852437,31.58248056,32.55883593,32.96762614,32.00219486,30.03841921, 0.00000000, 0.00000000
