 0.00000000, 0.00000000, 0.00000000, 0.00000000, 0.00000000, 0.00000000, 0.00000000, 0.00000000, 0.00000000, 0.00000000, 0.00000000, 0.00000000, 0.00000000, 0.00000000, 0.00000000, 0.00000000, 0.00000000, 0.00000000, 0.00000000, 0.00000000, 0.00000000, 0.00000000, 0.00000000, 0.00000000, 0.00000000, 0.00000000, 0.00000000, 0.00000000, 0.00000000, 0.00000000, 0.00000000, 0.00000000, 0.00000000, 0.00000000, 0.00000000, 0.00000000, 0.00000000, 0.00000000, 0.00000000, 0.00000000, 0.00000000, 0.00000000, 0.00000000, 0.00000000, 0.00000000, 0.00000000, 0.00000000
 0.00000000, 0.00000000, 0.00000000, 0.00000000, 0.00000000, 0.00000000, 0.00000000, 0.00000000, 0.00000000, 0.00000000, 0.00000000, 0.00000000, 0.00000000, 0.00000000, 0.00000000, 0.00000000, 0.00000000, 0.00000000, 0.00000000, 0.00000000, 0.00000000, 0.00000000, 0.00000000, 0.00000000, 0.00000000, 0.00000000, 0.00000000, 0.00000000, 0.00000000, 0.00000000, 0.00000000, 0.00000000, 0.00000000, 0.00000000, 0.00000000, 0.00000000, 0.00000000, 0.00000000, 0.00000000, 0.00000000, 0.00000000, 0.00000000, 0.00000000, 0.00000000, 0.00000000, 0.00000000, 0.00000000
 0.00000000, 0.00000000, 0.00000000, 0.00000000, 0.00000000, 0.00000000, 0.00000000, 0.00000000, 0.00000000, 0.00000000, 0.00000000, 0.00000000, 0.00000000, 0.00000000, 0.00000000, 0.00000000, 0.00000000, 0.00000000, 0.00000000, 0.00000000, 0.00000000, 0.00000000, 0.00000000, 0.00000000, 0.00000000, 0.00000000, 0.00000000, 0.00000000, 0.00000000, 0.00000000, 0.00000000, 0.00000000, 0.00000000, 0.00000000, 0.00000000, 0.00000000, 0.00000000, 0.00000000, 0.00000000, 0.00000000, 0.00000000, 0.00000000, 0.00000000, 0.00000000, 0.00000000, 0.00000000, 0.00000000
 0.00000000, 0.00000000, 0.00000000, 0.00000000, 0.00000000, 0.00000000, 0.00000000, 0.00000000, 0.00000000, 0.00000000, 0.00000000, 0.00000000, 0.00000000, 0.00000000, 0.00000000, 0.00000000, 0.00000000, 0.00000000, 0.00000000, 0.00000000, 0.00000000, 0.00000000, 0.00000000, 0.00000000, 0.00000000, 0.00000000, 0.00000000, 0.00000000, 0.00000000, 0.00000000, 0.00000000, 0.00000000, 0.00000000, 0.00000000, 0.00000000, 0.00000000, 0.00000000, 0.00000000, 0.00000000, 0.00000000, 0.00000000, 0.00000000, 0.00000000, 0.00000000, 0.00000000, 0.00000000, 0.00000000
 0.00000000, 0.00000000, 0.00000000, 0.00000000, 0.00000000, 0.00000000, 0.00000000, 0.00000000, 0.00000000, 0.00000000, 0.00000000, 0.00000000, 0.00000000, 0.00000000, 0.00000000, 0.00000000, 0.00000000, 0.00000000, 0.00000000, 0.00000000, 0.00000000, 0.00000000, 0.00000000, 0.00000000, 0.00000000, 0.00000000, 0.00000000, 0.00000000, 0.00000000, 0.00000000, 0.00000000, 0.00000000, 0.00000000, 0.00000000, 0.00000000, 0.00000000, 0.00000000, 0.00000000, 0.00000000, 0.00000000, 0.00000000, 0.00000000, 0.00000000, 0.00000000, 0.00000000, 0.00000000, 0.00000000
 0.00000000, 0.00000000, 0.00000000, 0.00000000, 0.00000000, 0.00000000, 0.00000000, 0.00000000, 0.00000000, 0.00000000, 0.00000000, 0.00000000, 0.00000000, 0.00000000, 0.00000000, 0.00000000, 0.00000000, 0.00000000, 0.00000000, 0.00000000, 0.00000000, 0.00000000, 0.00000000, 0.00000000, 0.00000000, 0.00000000, 0.00000000, 0.00000000, 0.00000000, 0.00000000, 0.00000000, 0.00000000, 0.00000000, 0.00000000, 0.00000000, 0.00000000, 0.00000000, 0.00000000, 0.00000000, 0.00000000, 0.00000000, 0.00000000, 0.00000000, 0.00000000, 0.00000000, 0.00000000, 0.00000000
 0.00000000, 0.00000000, 0.00000000, 0.00000000, 0.00000000, 0.00000000, 0.00000000, 0.00000000, 0.00000000, 0.00000000, 0.00000000, 0.00000000, 0.00000000, 0.00000000, 0.00000000, 0.00000000, 0.00000000, 0.00000000, 0.00000000, 0.00000000, 0.00000000, 0.00000000, 0.00000000, 0.00000000, 0.00000000, 0.00000000, 0.00000000, 0.00000000, 0.00000000, 0.00000000, 0.00000000, 0.00000000, 0.00000000, 0.00000000, 0.00000000, 0.00000000, 0.00000000, 0.00000000, 0.00000000, 0.00000000, 0.00000000, 0.00000000, 0.00000000, 0.00000000, 0.00000000, 0.00000000, 0.00000000
 0.00000000, 0.00000000, 0.00000000, 0.00000000, 0.00000000, 0.00000000, 0.00000000, 0.00000000, 0.00000000, 0.00000000, 0.00000000, 0.00000000, 0.00000000, 0.00000000, 0.00000000, 0.00000000, 0.00000000, 0.00000000, 0.00000000, 0.00000000, 0.00000000, 0.00000000, 0.00000000, 0.00000000, 0.00000000, 0.00000000, 0.00000000, 0.00000000, 0.00000000, 0.00000000, 0.00000000, 0.00000000, 0.00000000, 0.00000000, 0.00000000, 0.00000000, 0.00000000, 0.00000000, 0.00000000, 0.00000000, 0.00000000, 0.00000000, 0.00000000, 0.00000000, 0.00000000, 0.00000000, 0.00000000
 0.00000000, 0.00000000, 0.00000000, 0.00000000, 0.00000000, 0.00000000, 0.00000000, 0.00000000, 0.00000000, 0.00000000, 0.00000000, 0.00000000, 0.00000000, 0.00000000, 0.00000000, 0.00000000, 0.00000000, 0.00000000, 0.00000000, 0.00000000, 0.00000000, 0.00000000, 0.00000000, 0.00000000, 0.00000000, 0.00000000, 0.00000000, 0.00000000, 0.00000000, 0.00000000, 0.00000000, 0.00000000, 0.00000000, 0.00000000, 0.00000000, 0.00000000, 0.00000000, 0.00000000, 0.00000000, 0.00000000, 0.00000000, 0.00000000, 0.00000000, 0.00000000, 0.00000000, 0.00000000, 0.00000000
 0.00000000, 0.00000000, 0.00000000, 0.00000000, 0.00000000, 0.00000000, 0.00000000, 0.00000000, 0.00000000, 0.00000000, 0.00000000, 0.00000000, 0.00000000, 0.00000000, 0.00000000, 0.00000000, 0.00000000, 0.00000000, 0.00000000, 0.00000000, 0.00000000, 0.00000000, 0.00000000, 0.00000000, 0.00000000, 0.00000000, 0.00000000, 0.00000000, 0.00000000, 0.00000000, 0.00000000, 0.00000000, 0.00000000, 0.00000000, 0.00000000, 0.00000000, 0.00000000, 0.00000000, 0.00000000, 0.00000000, 0.00000000, 0.00000000, 0.00000000, 0.00000000, 0.00000000, 0.00000000, 0.00000000
 0.00000000, 0.00000000, 0.00000000, 0.00000000, 0.00000000, 0.00000000, 0.00000000, 0.00000000, 0.00000000, 0.00000000, 0.00000000, 0.00000000, 0.00000000, 0.00000000, 0.00000000, 0.00000000, 0.00000000, 0.00000000, 0.00000000, 0.00000000, 0.00000000, 0.00000000, 0.00000000, 0.00000000, 0.00000000, 0.00000000, 0.00000000, 0.00000000, 0.00000000, 0.22944895, 0.29393938, 0.34893474, 0.36686458, 0.30303439, 0.14879908, 0.05042084, 0.08472968, 0.12855795, 0.00000000, 0.25755646, 0.36893161, 0.36616485, 0.00000000, 0.00000000, 0.00000000, 0.00000000, 0.00000000
 0.00000000, 0.00000000, 0.00000000, 0.00000000, 0.00000000, 0.00000000, 0.00000000, 0.00000000, 0.00000000, 0.00000000, 0.00000000, 0.00000000, 0.00000000, 0.00000000, 0.00000000, 0.00000000, 0.00000000, 0.00000000, 0.00000000, 0.00000000, 0.00000000, 0.00000000, 0.00000000, 0.00000000, 0.00000000, 0.00000000, 0.00000000, 0.30333186, 0.24837293, 0.17614805, 0.49819905, 0.66008357, 0.65904806, 0.51486902, 0.17592628, 0.00000000, 0.00000000, 0.36188073, 0.33343729, 0.32199874, 0.44444999, 0.46658692, 0.33152346, 0.00000000, 0.00000000, 0.00000000, 0.00000000
 0.00000000, 0.00000000, 0.00000000, 0.00000000, 0.00000000, 0.00000000, 0.00000000, 0.00000000, 0.00000000, 0.00000000, 0.00000000, 0.00000000, 0.00000000, 0.00000000, 0.00000000, 0.00000000, 0.00000000, 0.00000000, 0.00000000, 0.00000000, 0.00000000, 0.00000000, 0.00000000, 0.00000000, 0.00000000, 0.00000000, 0.00000000, 0.32100593, 0.38769155, 0.32022299, 0.55042509, 0.76396526, 0.79503137, 0.70809001, 0.50413399, 0.50027662, 0.83266547, 0.82335436, 0.60050706, 0.50268884, 0.42193168, 0.39431202, 0.35611857, 0.25377813, 0.00000000, 0.00000000, 0.00000000
 0.00000000, 0.29017886, 0.20223170, 0.64272775, 0.75623718, 0.00000000, 0.00000000, 0.00000000, 0.00000000, 0.00000000, 0.00000000, 0.00000000, 0.00000000, 0.00000000, 0.00000000, 0.00000000, 0.00000000, 0.00000000, 0.00000000, 0.00000000, 0.00000000, 0.00000000, 0.00000000, 0.00000000, 0.00000000, 0.00000000, 0.00000000, 0.25795758, 0.59952703, 0.45087384, 0.23546399, 0.36396132, 0.81010073, 0.41205135, 0.34630270, 0.64085888, 0.94077500, 0.89372478, 0.64768104, 0.49705340, 0.32176431, 0.17894537, 0.18513231, 0.16005764, 0.00000000, 0.00000000, 0.00000000
 0.00000000, 0.00000000, 0.00000000, 0.47457954, 0.57572219, 0.00000000, 0.00000000, 0.00000000, 0.00000000, 0.00000000, 0.00000000, 0.00000000, 0.00000000, 0.00000000, 0.00000000, 0.00000000, 0.00000000, 0.00000000, 0.00000000, 0.00000000, 0.00000000, 0.00000000, 0.00000000, 0.00000000, 0.00000000, 0.00000000, 0.10961310, 0.15833338, 0.22558910, 0.16905080, 0.00000000, 0.30776061, 0.80349615, 0.84094401, 0.67621925, 0.82257006, 0.99086897, 0.69665060, 0.48346813, 0.41726499, 0.31695589, 0.00000000, 0.00000000, 0.00000000, 0.00000000, 0.00000000, 0.00000000
 0.00000000, 0.12995719, 0.16084692, 0.37920937, 0.32391539, 0.00000000, 0.00000000, 0.00000000, 0.00000000, 0.00000000, 0.00000000, 0.00000000, 0.00000000, 0.00000000, 0.00000000, 0.00000000, 0.00000000, 0.00000000, 0.00000000, 0.00000000, 0.00000000, 0.00000000, 0.00000000, 0.00000000, 0.00000000, 0.00000000, 0.00000000, 0.00000000, 0.16754688, 0.20329542, 0.26981212, 0.39209292, 0.40881707, 0.24102887, 0.38830640, 1.00829340, 1.13325868, 0.84849749, 0.65774664, 0.49950694, 0.36448508, 0.00000000, 0.00000000, 0.00000000, 0.00000000, 0.00000000, 0.00000000
 0.00000000, 0.00000000, 0.00000000, 0.09116105, 0.17789096, 0.11512292, 0.00000000, 0.00000000, 0.00000000, 0.00000000, 0.00000000, 0.00000000, 0.00000000, 0.00000000, 0.00000000, 0.00000000, 0.00000000, 0.00000000, 0.00000000, 0.00000000, 0.00000000, 0.00000000, 0.00000000, 0.00000000, 0.00000000, 0.00000000, 0.00000000, 0.00000000, 0.33694605, 0.30166710, 0.34363254, 0.44616613, 0.36710863, 0.32526439, 0.61289623, 1.11004135, 1.14927999, 0.88249876, 0.66131719, 0.48312600, 0.36596793, 0.00000000, 0.00000000, 0.00000000, 0.00000000, 0.00000000, 0.00000000
 0.00000000, 0.29654440, 0.12379409, 0.06145041, 0.19661804, 0.17549842, 0.00000000, 0.00000000, 0.00000000, 0.00000000, 0.00000000, 0.00000000, 0.00000000, 0.00000000, 0.00000000, 0.00000000, 0.00000000, 0.00000000, 0.00000000, 0.00000000, 0.00000000, 0.00000000, 0.00000000, 0.00000000, 0.00000000, 0.15652406, 0.24647050, 0.27507839, 0.27557544, 0.39006221, 0.57279566, 0.58518505, 0.59912764, 0.79709333, 0.97700253, 1.14683993, 1.16991656, 0.92619257, 0.69937237, 0.58449274, 0.44643279, 0.31258858, 0.00000000, 0.00000000, 0.00000000, 0.00000000, 0.00000000
 0.00000000, 0.61139120, 0.27018163, 0.24182325, 0.25356039, 0.04052713, 0.04066971, 0.00000000, 0.00000000, 0.00000000, 0.00000000, 0.00000000, 0.00000000, 0.00000000, 0.00000000, 0.00000000, 0.00000000, 0.00000000, 0.00000000, 0.00000000, 0.00000000, 0.00000000, 0.00000000, 0.00000000, 0.31023514, 0.42518783, 0.42447511, 0.64224222, 0.90937167, 1.00900907, 0.84276001, 0.79779379, 1.01229638, 1.34355411, 1.52313884, 1.78712179, 1.96306787, 1.75211092, 1.33261836, 0.97087275, 0.66194752, 0.42848653, 0.28517694, 0.00000000, 0.00000000, 0.00000000, 0.00000000
 0.00000000, 0.97227340, 1.37590851, 1.69084332, 0.91956002, 0.00000000, 0.00000000, 0.00000000, 0.00000000, 0.00000000, 0.00000000, 0.00000000, 0.00000000, 0.00000000, 0.00000000, 0.00000000, 0.00000000, 0.00000000, 0.00000000, 0.00000000, 0.00000000, 0.00000000, 0.00000000, 0.32487699, 0.70519738, 0.67076389, 0.64624530, 0.96572990, 1.45631122, 1.86543744, 0.96696393, 0.27942330, 1.21226794, 2.17634928, 2.39452785, 2.90346721, 3.44630464, 3.20707579, 2.58892232, 1.61504217, 1.07104752, 0.81254078, 0.52454566, 0.32407588, 0.00000000, 0.00000000, 0.00000000
 0.00000000, 0.86782393, 1.41472564, 1.96669871, 1.28424139, 0.14767751, 0.09772055, 0.23111552, 0.10231533, 0.00000000, 0.00000000, 0.00000000, 0.00000000, 0.00000000, 0.00000000, 0.00000000, 0.13191719, 0.34671948, 0.44154131, 0.36202465, 0.44159809, 0.49746406, 0.00000000, 0.28150833, 0.61186985, 0.55712211, 0.74406550, 1.19888173, 1.41368070, 1.79874592, 0.95309106, 0.28044714, 1.33313172, 2.34031629, 2.25672218, 2.96540622, 4.13354387, 4.05154285, 3.37896833, 2.20736598, 1.67631526, 1.46779955, 0.54863300, 0.00000000, 0.00000000, 0.00000000, 0.00000000
 0.00000000, 0.00000000, 0.69221734, 1.49089257, 0.89384618, 0.13955618, 0.09192382, 0.16546889, 0.13527919, 0.00000000, 0.00000000, 0.33110471, 0.15199449, 0.00000000, 0.00000000, 0.00000000, 0.32268967, 0.39035404, 0.37218780, 0.32313021, 0.26053812, 0.21348578, 0.00000000, 0.35096128, 0.53576246, 0.39920504, 0.54351961, 1.03254163, 0.92500726, 0.98885156, 0.98434200, 1.02318584, 1.43354734, 1.79757988, 1.93542533, 2.35753629, 2.88995850, 2.81423909, 2.58457645, 2.41881813, 1.99944152, 1.40358449, 0.73324603, 0.18765384, 0.00000000, 0.00000000, 0.00000000
 0.00000000, 0.00000000, 0.79262773, 1.43455282, 1.23497995, 0.34118194, 0.00000000, 0.17952887, 0.13091869, 0.00000000, 0.00000000, 0.32957249, 0.14947457, 0.00000000, 0.00000000, 0.00000000, 0.00000000, 0.00000000, 0.00000000, 0.00000000, 0.00000000, 0.00000000, 0.00000000, 0.29440371, 0.48388931, 0.57057640, 0.52812102, 0.54081367, 0.68740449, 0.90821603, 0.85178393, 0.81888853, 1.04536466, 1.32652082, 1.36704757, 1.54941336, 1.68530978, 1.50244713, 1.30385966, 1.20575182, 1.08195444, 0.89275014, 0.51832427, 0.19298884, 0.00000000, 0.00000000, 0.00000000
 0.00000000, 0.00000000, 1.27187292, 2.07784364, 1.29927591, 0.37144387, 0.23989262, 0.26263977, 0.22003345, 0.00000000, 0.00000000, 0.00000000, 0.00000000, 0.00000000, 0.00000000, 0.00000000, 0.00000000, 0.00000000, 0.00000000, 0.00000000, 0.00000000, 0.00000000, 0.00000000, 0.26357428, 0.55131186, 0.90937767, 0.91849470, 0.63556599, 0.73672973, 0.89111817, 0.86701217, 0.85424523, 0.93988299, 1.11050784, 1.24151178, 1.39090675, 1.31657743, 1.01356221, 0.72959527, 0.60950646, 0.56022330, 0.49135516, 0.32718230, 0.17717552, 0.00000000, 0.00000000, 0.00000000
 0.00000000, 0.00000000, 1.76129912, 3.02170615, 1.82748894, 0.26210416, 0.00000000, 0.11657000, 0.11126327, 0.00000000, 0.00000000, 0.00000000, 0.00000000, 0.00000000, 0.00000000, 0.00000000, 0.00000000, 0.00000000, 0.00000000, 0.00000000, 0.00000000, 0.00000000, 0.00000000, 0.25246662, 0.88549574, 1.04945583, 0.89040428, 0.82102216, 0.88105203, 1.03985506, 1.03100615, 1.00974704, 1.09973826, 1.23398568, 1.34173643, 1.45915198, 1.38672436, 1.07320366, 0.81085411, 0.68691058, 0.56968729, 0.46123972, 0.36575339, 0.00000000, 0.00000000, 0.00000000, 0.00000000
 0.00000000, 0.00000000, 1.47506755, 2.73042271, 3.02214209, 1.31396713, 0.00000000, 0.00000000, 0.00000000, 0.00000000, 0.00000000, 0.00000000, 0.00000000, 0.00000000, 0.00000000, 0.00000000, 0.00000000, 0.00000000, 0.00000000, 0.00000000, 0.00000000, 0.00000000, 0.00000000, 0.33426273, 0.98929517, 1.07877995, 1.26492381, 1.17230096, 1.21218067, 1.35796721, 1.28048311, 1.27399518, 1.43472786, 1.53895623, 1.65463078, 1.81545317, 1.71827550, 1.35532592, 1.01158138, 0.85720203, 0.75885972, 0.59951927, 0.31336692, 0.12677904, 0.00000000, 0.00000000, 0.00000000
 0.00000000, 0.00000000, 0.87359426, 1.77207160, 2.11635936, 1.16232722, 0.00000000, 0.00000000, 0.00000000, 0.00000000, 0.00000000, 0.00000000, 0.00000000, 0.00000000, 0.00000000, 0.00000000, 0.00000000, 0.00000000, 0.00000000, 0.00000000, 0.00000000, 0.00000000, 0.00000000, 0.41571288, 1.44560160, 1.61714487, 2.09804176, 2.16822979, 1.83979610, 1.72940883, 1.61183562, 1.70739007, 2.07346407, 2.35633977, 2.63162847, 2.62454417, 2.29225476, 1.74190712, 1.32710072, 1.14920133, 1.00820834, 0.82761071, 0.48217085, 0.24648708, 0.00000000, 0.00000000, 0.00000000
 0.00000000, 0.43869194, 0.82019901, 1.11297289, 1.37268749, 0.80450744, 0.00000000, 0.00000000, 0.00000000, 0.00000000, 0.00000000, 0.00000000, 0.00000000, 0.00000000, 0.00000000, 0.00000000, 0.00000000, 0.00000000, 0.00000000, 0.00000000, 0.00000000, 0.00000000, 0.17439440, 0.98777045, 2.12511691, 1.99719860, 3.13749051, 3.63024885, 2.98917538, 2.60572351, 2.24067532, 2.47774906, 3.33555135, 4.55643274, 5.05815283, 3.98678531, 3.05990403, 2.69598080, 2.29892282, 2.24222035, 1.86816595, 1.25075755, 0.91651300, 0.43591678, 0.00000000, 0.00000000, 0.00000000
 0.00000000, 0.33918582, 0.65343523, 0.88655357, 1.02180772, 0.84046377, 0.38121332, 0.00000000, 0.00000000, 0.00000000, 0.00000000, 0.00000000, 0.00000000, 0.00000000, 0.00000000, 0.31057843, 0.39498886, 0.00000000, 0.00000000, 0.00000000, 0.00000000, 0.00000000, 0.27528941, 1.28866729, 2.84573738, 4.09501662, 6.63483292, 7.46545987, 7.55073328, 7.33605244, 5.29538555, 5.46360211, 6.24844307, 7.35934730, 8.74434198, 6.53398213, 4.44794877, 4.19662363, 4.10243948, 4.40974609, 3.38162696, 3.24829597, 2.95854403, 0.97364828, 0.00000000, 0.00000000, 0.00000000
 0.00000000, 0.34428133, 0.65611768, 0.85587559, 0.92476159, 0.88940126, 0.54903987, 0.00000000, 0.00000000, 0.00000000, 0.00000000, 0.00000000, 0.00000000, 0.00000000, 0.00000000, 0.00000000, 0.00000000, 0.00000000, 0.00000000, 0.00000000, 0.00000000, 0.00000000, 0.25858289, 1.16780441, 2.40496871, 3.09622682, 4.59163655, 6.06692360, 7.65568813, 9.37260713, 7.69449232, 6.41985892, 7.84211810,10.03829568,10.83807665, 8.64733012, 6.57820850, 6.33346403, 6.53779510, 6.91149587, 6.51061112, 5.48554436, 2.92476379, 0.90197747, 0.24501851, 0.00000000, 0.00000000
 0.00000000, 0.28032162, 0.54255966, 0.73668482, 0.73808717, 0.70746269, 0.40197778, 0.00000000, 0.00000000, 0.00000000, 0.00000000, 0.00000000, 0.00000000, 0.00000000, 0.00000000, 0.00000000, 0.00000000, 0.00000000, 0.00000000, 0.00000000, 0.00000000, 0.00000000, 0.16687421, 0.74184236, 1.49717603, 2.03061086, 3.10045100, 4.37805289, 5.94897345, 6.56956807, 4.73506516, 5.04318559, 7.49099929, 8.91348518, 8.76620708, 7.77794542, 6.69234824, 5.97701217, 6.13095040, 6.11944806, 5.33218901, 3.75587825, 3.05726476, 1.70153703, 0.35156810, 0.00000000, 0.00000000
 0.00000000, 0.26318245, 0.50566597, 0.65061754, 0.67528568, 0.61453471, 0.31001994, 0.00000000, 0.21508913, 0.29260677, 0.38431334, 0.37525048, 0.40902839, 0.43406713, 0.21440849, 0.00000000, 0.00000000, 0.00000000, 0.00000000, 0.00000000, 0.00000000, 0.00000000, 0.11325863, 0.49911474, 1.06189300, 1.53132990, 2.12807936, 2.85543767, 3.78794600, 4.36102648, 3.81502683, 4.05957595, 4.68465648, 4.93732165, 4.93109596, 4.46500698, 3.95660333, 3.76619643, 3.97738659, 3.75676735, 3.42645067, 2.85759316, 2.07923333, 2.16556243, 0.46505087, 0.00000000, 0.00000000
 0.00000000, 0.25319146, 0.48388063, 0.63963905, 0.65109760, 0.45776205, 0.13618240, 0.00000000, 0.30858393, 0.59546359, 0.71445159, 0.63588904, 0.68403933, 0.70996073, 0.51543262, 0.27672782, 0.00000000, 0.00000000, 0.00000000, 0.00000000, 0.00000000, 0.00000000, 0.20396428, 0.52615314, 1.00492821, 1.45384635, 2.08673922, 2.76039337, 3.36655454, 3.24355265, 2.79765410, 3.44962580, 4.11971337, 4.38968118, 4.25573035, 3.70687058, 3.17599478, 2.71505000, 2.45699891, 2.25769589, 1.95151345, 1.64696535, 1.29272366, 1.32172322, 0.31423607, 0.00000000, 0.00000000
 0.00000000, 0.27311627, 0.50196531, 0.62458656, 0.65421260, 0.47913526, 0.14196715, 0.00000000, 0.61723337, 1.21130105, 1.07307870, 0.64786066, 0.57053755, 0.63661339, 0.59810847, 0.44520181, 0.24720503, 0.38458315, 0.37792059, 0.38527498, 0.40134465, 0.30509514, 0.18590933, 0.44798438, 0.98829566, 1.42399552, 2.05313627, 2.64841114, 3.16638173, 3.35243731, 2.95359662, 3.20289191, 3.67229293, 3.40852854, 3.34580669, 3.21506104, 2.73635984, 2.30934887, 2.10552912, 1.90119483, 1.65897870, 1.43217731, 1.13468350, 1.02331619, 0.27414677, 0.00000000, 0.00000000
 0.00000000, 0.30828853, 0.55897049, 0.76580767, 0.77884908, 0.67970206, 0.29938320, 0.18330170, 0.73843570, 1.05184008, 0.95643818, 0.77679214, 0.63054303, 0.49517797, 0.45280390, 0.43354641, 0.48216899, 0.58276073, 0.56685546, 0.56289116, 0.60250428, 0.53056533, 0.32799377, 0.48920489, 1.01804832, 1.62444179, 2.37354493, 3.07411583, 3.32205422, 3.02755293, 3.30841745, 3.99815433, 4.13117245, 4.02705376, 3.54158213, 3.05512340, 2.71288897, 2.22993892, 1.92508736, 1.75574386, 1.54149239, 1.33303192, 1.03844266, 0.98686363, 0.26191912, 0.00000000, 0.00000000
 0.00000000, 0.58860931, 0.94893215, 1.21376325, 1.32975213, 1.10110878, 0.40274271, 0.18306326, 0.61866306, 0.62570973, 0.52133108, 0.47673258, 0.51041122, 0.56094424, 0.58432689, 0.67749510, 0.82016560, 0.92735114, 0.94486431, 0.91577482, 0.98372628, 1.01862377, 0.71887592, 0.70004658, 1.30821853, 2.11555591, 2.94300214, 3.70865655, 4.50538542, 4.82615046, 4.35319645, 4.17510064, 4.85005876, 5.16098552, 4.60789895, 4.35174143, 3.33476155, 2.21983606, 1.98446654, 1.85403461, 1.68802131, 1.43053533, 1.11663440, 1.04054526, 0.42660126, 0.23218005, 0.00000000
 0.00000000, 0.00000000, 1.09134455, 1.99058948, 2.15311317, 1.78968517, 0.65430042, 0.00000000, 0.55807891, 0.80133461, 0.73981912, 0.78779298, 0.93922779, 1.05616189, 1.10071062, 1.13975617, 1.27246635, 1.52181830, 1.65057435, 1.57416635, 1.61085240, 1.65454191, 1.16524883, 0.86721531, 1.48798352, 2.49492396, 3.20159304, 3.89779864, 4.83283309, 6.13714571, 7.68156868, 7.95663562, 6.72913438, 5.92208056, 4.86833857, 2.95794665, 2.35088174, 2.34971710, 2.14225282, 1.95209808, 1.77089170, 1.53706802, 1.14042865, 1.10343204, 0.37015614, 0.00000000, 0.00000000
 0.00000000, 0.00000000, 1.56249134, 2.74423875, 2.86295354, 2.38731955, 0.90614983, 0.00000000, 0.82335880, 1.11941274, 1.04300581, 1.07011369, 1.22442629, 1.29703605, 1.29144695, 1.26517870, 1.38527952, 1.60004034, 1.61001543, 1.57567597, 1.67298898, 1.74849590, 1.76972818, 1.98357405, 2.50416451, 3.27869376, 3.87529867, 4.17179137, 4.77253002, 5.62610841, 6.14430227, 6.79738011, 8.23368288,12.54353173,14.22767043, 7.06690769, 2.26879847, 1.87129178, 2.22251128, 2.17530759, 2.00774260, 1.75373535, 1.34875581, 1.30656481, 0.61301076, 0.28850778, 0.00000000
 0.00000000, 0.00000000, 1.74902854, 2.92331965, 3.39718790, 3.05576109, 1.18170567, 0.56588340, 1.52948697, 1.58711386, 1.53403372, 1.53288889, 1.57234741, 1.45859904, 1.43170372, 1.49253187, 1.54725858, 1.61825364, 1.62872192, 1.67520309, 1.85492237, 1.97239215, 1.97589535, 2.21984362, 2.81900232, 3.70500930, 4.62464475, 5.02305090, 4.45476507, 4.21143836, 5.50521745, 7.00064264, 9.01601556,12.35812863,14.33142086,11.57481672, 4.30392356, 3.44098778, 3.80615320, 2.93431194, 2.56251234, 2.09539639, 1.85433193, 1.81982400, 0.81780338, 0.49706761, 0.00000000
 0.00000000, 0.00000000, 2.04430178, 3.69021940, 4.02694237, 3.58480738, 1.30254291, 0.00000000, 1.11188942, 1.29521092, 1.25324669, 1.30211065, 1.38601628, 1.28167882, 1.21114965, 1.25277727, 1.30463572, 1.36578199, 1.34972040, 1.33341433, 1.41209344, 1.47146869, 1.48296452, 2.03517824, 3.26309946, 5.51107780, 7.28545609, 8.07232744, 8.44330844, 8.96486559, 8.80805942, 7.09992580, 7.76688849, 9.83399304,10.71237920,14.23730279,10.25639343, 2.67832243, 2.46488669, 3.08937504, 3.11665084, 2.63227368, 1.79069807, 1.72670839, 1.05311045, 0.70223935, 0.00000000
 0.00000000, 0.00000000, 2.79265009, 4.49304750, 4.40257760, 3.29840004, 0.83534029, 0.00000000, 1.39557850, 1.39965609, 1.21931017, 1.30824522, 1.36664991, 1.30818419, 1.36080209, 1.49934825, 1.60820871, 1.65745059, 1.63588186, 1.57384777, 1.58622447, 1.58284757, 1.53133249, 2.41594553, 4.73330582, 7.71154500,12.64447408,15.54554334,15.36074422,14.17662292,11.81653027,11.58425221,10.38934602, 8.43676941,11.35253094,15.03340865,13.74697911,10.03090767, 6.52041822, 5.17110736, 4.63764473, 3.52033436, 2.86795625, 2.96010230, 1.25312779, 0.70954208, 0.00000000
 0.00000000, 0.00000000, 3.37529468, 5.12356563, 4.18590575, 4.96139555, 2.78118652, 0.00000000, 1.76399663, 1.01257735, 1.34549620, 1.41322499, 1.43813840, 1.30873424, 1.29999209, 1.50700094, 1.65711610, 1.59166233, 1.48844267, 1.52352626, 1.64799663, 1.68237607, 1.67536930, 2.28747054, 4.75291753,11.71985627,18.19558015,24.18193020,28.50527697,25.03269871,22.71014977,23.22227516,18.85547193,13.75231497,13.75902704,14.85068632,19.37241766,18.56942420,10.08777398, 7.29380514, 7.40897915, 6.07003896, 3.80966769, 2.89239984, 1.72585566, 0.00000000, 0.00000000
 0.00000000, 0.00000000, 5.34295522, 7.53021823, 5.34281194, 4.16099415, 1.78013445, 0.00000000, 2.42779602, 1.65354793, 1.92170592, 1.99947293, 1.97373004, 1.76411836, 1.65986174, 1.85459824, 2.27208865, 2.19283284, 1.86499918, 1.91451452, 2.04802182, 2.08374279, 2.02695131, 2.86051437, 6.65249766,14.15666566,15.34049154,14.34497134,15.19191514,19.66772988,24.82765666,20.19937384,13.46312469,11.91363020,10.56820655,11.82917105,16.31064331,11.67374948, 8.81575503,14.86745719,18.00866588,15.16770418,11.26497752, 7.52628808, 2.48719151, 0.00000000, 0.00000000
 0.00000000, 0.00000000, 4.14807528,11.52158912,17.43938666,16.74612981,15.62058644,12.82697633, 3.41436914, 1.28460949, 1.75150539, 1.85790165, 1.88991802, 1.76069777, 1.81085695, 1.34983812, 1.56800033, 2.28694593, 1.99454743, 1.98848771, 2.04024248, 2.02852378, 1.32002824, 1.98392292,12.09561207,23.00631795,18.29741542,11.65485767,12.78999339,12.64593738, 9.88665585, 8.27050067, 9.69498846,10.07414649, 7.22161183,10.31818252,17.59266848,22.74954106,30.75636012,31.61093945,26.22213341,23.75128917,18.96027309,14.84059256, 5.09187410, 0.00000000, 0.00000000
 0.00000000,18.61171321,20.80224341,25.09630605,28.81746640,29.42224462,27.40910671,22.60027441,12.95434485, 4.25721911, 2.67058742, 2.77751894, 2.75749514, 2.71980453, 3.12647103, 3.14102954, 2.58669358, 2.83268407, 3.31065783, 3.27692758, 3.30693453, 3.24683692, 2.04990946, 3.54650200,13.43882253,23.08119269,20.88692763,15.57993923,13.11292097,12.59406696,12.96414926,11.71288564,10.91132571,11.03509867, 9.27393502,10.44338975,14.67692475,20.11600521,30.01503943,31.27761152,24.71221286,17.68704386,12.58683664,12.14075527, 4.66107506, 0.00000000, 0.00000000
 0.00000000, 0.00000000, 7.59390700,19.84871642,23.49229814,23.67835792,16.33995768, 8.99848748, 0.00000000, 3.82273050, 3.11962089, 3.22794959, 3.36198786, 3.31583447, 3.67903332, 3.79353602, 3.50588006, 3.50647754, 3.53283319, 3.45705444, 3.41995336, 3.32557760, 1.08232764, 0.52723471, 3.55824133, 8.96044021, 8.10102600, 7.37491979, 8.09830462, 8.32950369, 7.53750368, 6.98861297, 7.20071216, 7.27119115, 6.54441549, 6.16802768, 8.24685060,13.19098798,18.42904276,15.55698515,13.30171635,16.99109087,19.68244654,22.29028418, 9.04202467, 0.00000000, 0.00000000
 0.00000000, 0.00000000, 6.28568962,15.98577073,18.98121122,18.31862944,13.79533852, 7.57590030, 0.00000000, 3.21958346, 4.02039958, 4.13714691, 4.19017345, 4.10428064, 4.31346305, 4.97265941, 5.94790063, 5.70886133, 4.98541940, 5.20394994, 5.48104932, 5.63978081, 5.70436130, 0.00000000,17.38737969,18.90754304,10.58515144, 8.49194251, 8.53921613, 7.07501954, 7.79243724, 8.31493104, 7.14419481, 7.15797591, 7.31997548, 8.53971829,12.07895384,15.86563543,14.93464196,13.24573624,16.97134026,17.81484553,25.39462805,33.40626386, 0.00000000, 0.00000000, 0.00000000
 0.00000000, 0.00000000,10.06515049,20.50548905,23.81938010,24.06192123,24.42902128,22.51977619,18.31210613,10.90353731, 7.29246601, 7.38462259, 7.35714403, 7.40720446, 7.87570045, 8.45135406, 9.79762165,10.20021976, 9.06511559, 8.61410285, 8.66181141, 8.70442435, 4.26346390, 3.03083170,16.20491140,16.25437801,11.86778464,11.22427370, 9.78618417, 9.46100534,10.39023919,10.81866791, 9.66910141, 9.41600742, 9.40910715, 7.38453009, 6.02786551, 7.63072220,10.28818432,14.17697918,16.96800109,15.06499931,14.59278345,18.79620106,15.81140203, 0.00000000, 0.00000000
 0.00000000, 0.00000000,10.29814173,16.49301440,14.80324030,14.86764524,14.92823711, 0.00000000, 0.00000000, 6.49387446, 6.97685220, 6.64410153, 7.25889216, 7.21130786, 7.34857658, 8.02826659, 9.02303621, 9.19482772, 8.11466891, 7.56213734, 7.74063600, 8.23821468, 8.30792714, 0.00000000, 3.51857908, 6.23354855, 6.10465561, 5.90386171, 5.71122358, 6.34103465, 5.65192051, 5.41088465, 6.17126018, 5.98349987, 4.37793835, 4.26294373, 5.40078928, 6.34776694, 7.86706995, 8.90395414, 9.86692246,10.90788308,10.67251230,11.39616535, 8.52273471, 0.00000000, 0.00000000
 0.00000000, 0.00000000, 3.50420396, 8.74721131,12.69295741,10.35489680, 5.60833778, 0.00000000, 0.00000000, 5.66966222,10.51098413, 9.31290609, 8.68517051, 8.57460571, 9.62411230,11.09721425,11.56156334,11.14180957,12.13530470,13.44522864,14.19935206,15.51752151, 0.00000000, 0.00000000, 0.00000000,15.23415649,13.26343152,11.53968576, 7.32857334, 7.90095657, 9.21963595, 9.64288589, 8.85652574, 6.97881028, 8.73086820,11.39857555,10.45383017,10.52020236,11.99977595,11.06736646,13.36081482,15.14302711,16.43077344,19.73051962, 0.00000000, 0.00000000, 0.00000000
 0.00000000, 8.80640733,10.80278834,13.99661707,16.82796533,15.37615004,12.79512201,14.34016164,16.10844968,16.29943945,17.56297050,17.69100744,17.48465113,17.49585811,18.19850026,19.94639054,21.48117515,22.53931539,23.86960802,24.67453310,25.33449368,22.79092041,17.80390585,22.58190128,22.10105456,17.61618064,16.52466906,14.45433810,14.53452879,13.72149479,13.80273419,12.75159168,12.36895601,13.45623885,13.62359166,12.83209877,10.20764642, 7.60354304, 7.87344832,11.12235812,12.76679334,12.54901770,13.91522022,16.00795136,14.67358299, 0.00000000, 0.00000000
 0.00000000, 9.14353862,12.16611635,13.08973518,12.27940729,11.52976096,10.32782666,11.38730169,15.07242352,17.45030874,18.19099135,17.86005414,17.67139736,17.67742033,18.57759184,20.95441989,21.82571996,21.81056432,22.33805648,21.87072166,21.74788787,21.81578889,21.17578273,14.60892416, 8.42673175,10.66964114,11.72825330, 9.94164117, 9.76061882, 9.31237057, 9.01695368, 8.17711194, 7.99456501, 7.38913486, 6.96568258, 7.79063857, 7.86954889, 7.38687218, 7.57499161, 7.99949576, 8.05809103, 8.04336236, 7.72727872, 8.12509189, 7.07455242, 0.00000000, 0.00000000
 0.00000000, 4.32762576, 6.67759925, 4.88404544, 5.38449737, 5.30515784, 5.75946494, 8.31514073, 6.59500078, 5.83340605, 4.83697707, 4.24366525, 4.15111098, 4.14141323, 4.13282650, 4.80895320, 5.08213187, 5.40436337, 6.13189632, 5.97653142, 6.16484255, 6.20544773, 5.97583945, 6.87738706,11.33194258,15.73492446,15.60703541,13.41544517,12.04166304,11.52175558,11.04682354,11.06412573,12.33893858,14.14235359,14.36999683,13.82660878,14.71450908,16.09320853,16.00805746,15.20014495,16.27924552,17.41634552,16.46338975,15.68665410,14.37102268,11.53754015, 0.00000000
 0.00000000, 9.30651012,12.36480020, 6.93164569,13.21847755,19.39438516,15.40016346,29.47020714,24.05709032,19.85024086,18.98686912,17.58628968,16.54178627,15.47282792,13.75068246,15.64199101,18.19499188,18.39636713,19.86264887,21.06866090,21.83587217, 8.75683307, 9.13785232,10.33930696,18.49763721,31.77386622,33.90909608,31.20639784,27.85835490,26.18376937,25.43886450,25.05167776,25.66763945,26.94542155,28.07736023,29.07586539,29.78682571,29.45199427,29.76947018,30.97199864,30.52138385,30.56422067,31.48315513,29.66292935,26.81662522,24.47118446, 0.00000000
 0.00000000, 8.36348736,16.00766032,10.95874458,13.65543690,27.54599286,28.98332737,44.68753671,42.46932841,38.08366767,34.70592515,32.32418306,30.14385119,28.23110790,27.26056228,29.56250178,32.91326929,34.25157436,35.20108839,36.14056949,36.85948280,13.75304637,14.20531249,15.96164481,26.84358617,43.73879745,46.20020209,43.40539691,39.28223315,36.22086411,34.22618574,32.98424624,32.54633062,32.70888813,32.53243671,31.06437678,29.12920759,28.61557925,28.77869288,27.60572486,27.12210448,27.42261667,25.95841024,24.96928615,24.52594932,22.10412196, 0.00000000
 0.00000000, 6.56161518,12.77032693, 9.18395589,13.57298472,22.10600024,18.90807524,28.84191550,30.08070069,29.14141345,26.68892005,26.02313702,25.76739990,24.90715117,24.71656575,26.67099000,28.05935167,28.70680643,29.70210884,29.78793650,29.59974211,10.91396997,10.64657669,10.06045341,16.95223642,25.05463908,26.08195075,24.60828366,22.68076595,21.22581425,20.06833273,18.80681154,17.37190911,15.88498233,15.01389696,14.50396975,13.80267503,12.61356512,11.92759644,12.12514586,11.41847044,10.82872869,11.10194660,10.51886494, 9.87439608, 9.90459227, 0.00000000
 0.00000000, 4.95816305, 9.13548355, 7.36444382, 6.94235845, 8.45126085, 8.19179163,10.81482547,12.09766456,11.72339296,10.31497612,10.72406230,10.36187152, 9.91040870,10.15554831,12.18179556,12.83462597,12.63687201,12.85458120,12.06029544,11.83712094, 5.80410402, 5.82261745, 6.43629902, 7.13418406, 8.22406715, 9.13767744, 9.26883852, 9.30832822, 8.89702128, 8.55211267, 8.41095175, 8.92221753, 9.51402790, 9.25457109, 8.90606168, 8.94843650, 8.94347590, 8.45059062, 8.07016757, 8.80318513, 9.06088660, 8.37583071, 7.55916295, 7.00250709, 7.10847165, 0.00000000
 0.00000000, 9.88494934,11.30883904,11.83169655,13.15269540,14.64779656,16.42538471,10.52813666, 7.21684781, 9.25620681, 8.79316521, 8.62597261, 7.73436597, 6.44786175, 6.05448837, 7.83397145, 9.73221947,10.51562864,10.79351338,10.22872636,10.44652394,11.33665853,11.44131297,11.82293680,13.44566637,16.90045251,17.71200805,16.23027892,16.27531266,16.04023939,15.91495526,15.84150862,16.79220468,18.73159909,19.74250654,19.71837934,20.29282381,20.25876943,18.46716452,17.21810394,18.67911909,20.76095060,20.68860802,18.67591079,16.29966817,15.21911004, 0.00000000
 0.00000000, 6.87726506,12.07249419,20.91200315,26.92910577,27.83055431,33.35019735,35.57640180,36.86094099,34.39146953,24.53355653,20.30394675,18.39630847,16.48214704,14.67917637,15.25167366,18.55616258,21.61992308,23.03375051,22.69394021,22.37678429,23.67020513,24.87981943,25.73372045,29.92443312,34.51691437,40.08324656,43.21330812,35.30166972,34.15282298,36.86419861,37.04487664,37.18319664,38.39275803,39.31851047,39.86693605,41.51301365,43.34550311,43.04588515,41.11818698,39.77548373,38.62557760,38.21939257,38.39068463,37.26366478,35.25762500, 0.00000000
 0.00000000, 5.33282747,12.02366065,25.69805783,39.29129593,50.58402590,59.30934684,64.92294150,62.31907602,51.81285429,41.84707908,35.44637533,30.98341066,27.31332167,24.62944210,25.18717421,29.34732896,34.14467826,37.38440501,38.35400202,38.33823917,38.85437099,39.76249934,40.33966469,43.23022548,48.42454812,54.36073281,59.41208847,56.90151871,53.18224565,51.99450195,51.69054939,51.57453241,51.75444013,51.77066766,51.31973564,50.35997264,48.10172292,44.47173222,41.65229737,41.60025854,42.85814881,42.71622580,40.45933852,36.75240408,33.21173208, 0.00000000
