 0.000000000, 0.000000000, 0.002204557, 0.005673600, 0.005580467, 0.002887885, 0.001581016, 0.155873605, 0.358858342, 0.115887334, 0.000000000, 0.000000000, 0.000000000, 0.000000000, 0.000000000, 0.254194068, 0.357508530, 0.104482261, 0.024373364, 0.000000000, 0.000000000, 0.000000000, 0.000000000, 0.000000000, 0.000000000, 0.000000000, 0.000000000, 0.000000000, 0.000000000, 0.000000000, 0.000000000, 0.000000000, 0.000000000, 0.000000000, 0.000000000, 0.000000000, 0.000000000, 0.000000000, 0.000000000, 0.000000000, 0.000000000, 0.000000000, 0.000000000, 0.000000000, 0.000000000
 0.000000000, 0.000000000, 0.003550408, 0.014595173, 0.014636828, 0.033873082, 0.088850641, 0.088228327, 0.177101295, 0.263118917, 0.000000000, 0.000000000, 0.000000000, 0.000000000, 0.000000000, 0.153297192, 0.398485204, 0.222459004, 0.030500128, 0.000000000, 0.000000000, 0.000000000, 0.000000000, 0.000000000, 0.000000000, 0.000000000, 0.000000000, 0.000000000, 0.000000000, 0.000000000, 0.000000000, 0.000000000, 0.000000000, 0.000000000, 0.000000000, 0.000000000, 0.000000000, 0.000000000, 0.000000000, 0.000000000, 0.000000000, 0.000000000, 0.000000000, 0.000000000, 0.000000000
 0.000000000, 0.022674561, 0.016074367, 0.002365499, 0.008972432, 0.025713006, 0.113680284, 0.225846576, 0.192749521, 0.129707496, 0.482992519, 0.725282916, 0.601615956, 0.282413619, 0.151696018, 0.461864399, 0.748849426, 0.426860961, 0.000000000, 0.000000000, 0.000000000, 0.000000000, 0.000000000, 0.000000000, 0.000000000, 0.000000000, 0.000000000, 0.000000000, 0.000000000, 0.000000000, 0.000000000, 0.000000000, 0.000000000, 0.000000000, 0.000000000, 0.000000000, 0.000000000, 0.000000000, 0.000000000, 0.000000000, 0.000000000, 0.000000000, 0.000000000, 0.000000000, 0.000000000
 0.000000000, 0.000000000, 0.000000000, 0.000000000, 0.010681231, 0.039714940, 0.184467151, 0.405412287, 0.402650293, 0.497302328, 0.832527736, 0.866268186, 0.659462874, 0.238013185, 0.408681424, 0.906102045, 0.836668500, 0.422043069, 0.018418058, 0.000000000, 0.000000000, 0.000000000, 0.000000000, 0.000000000, 0.000000000, 0.000000000, 0.000000000, 0.000000000, 0.000000000, 0.000000000, 0.000000000, 0.000000000, 0.000000000, 0.000000000, 0.000000000, 0.000000000, 0.000000000, 0.000000000, 0.000000000, 0.000000000, 0.000000000, 0.000000000, 0.000000000, 0.000000000, 0.000000000
 0.000000000, 0.018415497, 0.048603564, 0.000000000, 0.000000000, 0.000000000, 0.000000000, 0.000000000, 0.337299439, 1.210315567, 0.723606356, 0.000000000, 0.343867629, 0.358634372, 0.000000000, 0.000000000, 0.246246023, 0.210122434, 0.015937998, 0.000000000, 0.000000000, 0.000000000, 0.000000000, 0.000000000, 0.000000000, 0.000000000, 0.000000000, 0.000000000, 0.000000000, 0.000000000, 0.000000000, 0.000000000, 0.000000000, 0.000000000, 0.000000000, 0.000000000, 0.000000000, 0.000000000, 0.000000000, 0.000000000, 0.000000000, 0.000000000, 0.000000000, 0.000000000, 0.000000000
 0.000000000, 0.060790294, 0.112476050, 0.000000000, 0.000000000, 0.000000000, 0.030538488, 0.143116591, 0.134407920, 0.251810903, 0.444844009, 0.190141693, 0.000000000, 0.000000000, 0.000000000, 0.000000000, 0.099244018, 0.140438183, 0.000000000, 0.000000000, 0.000000000, 0.000000000, 0.000000000, 0.000000000, 0.000000000, 0.000000000, 0.000000000, 0.000000000, 0.000000000, 0.000000000, 0.000000000, 0.000000000, 0.000000000, 0.000000000, 0.000000000, 0.000000000, 0.000000000, 0.000000000, 0.000000000, 0.000000000, 0.000000000, 0.000000000, 0.000000000, 0.000000000, 0.000000000
 0.000000000, 0.000000000, 0.000000000, 0.000000000, 0.000000000, 0.000000000, 0.000000000, 0.000000000, 0.000000000, 0.000000000, 0.091133228, 0.197266764, 0.272793910, 0.286852987, 0.195055661, 0.111548106, 0.122908764, 0.108704325, 0.039903043, 0.000000000, 0.000000000, 0.000000000, 0.000000000, 0.000000000, 0.000000000, 0.000000000, 0.000000000, 0.000000000, 0.000000000, 0.000000000, 0.000000000, 0.000000000, 0.000000000, 0.000000000, 0.000000000, 0.000000000, 0.000000000, 0.000000000, 0.000000000, 0.000000000, 0.000000000, 0.000000000, 0.000000000, 0.000000000, 0.000000000
 0.000000000, 0.000000000, 0.000000000, 0.000000000, 0.000000000, 0.097041816, 0.147191924, 0.150284118, 0.120609569, 0.258500705, 0.203794177, 0.054267717, 0.084950386, 0.134526376, 0.194080694, 0.199760735, 0.147444835, 0.097111523, 0.041734251, 0.000000000, 0.000000000, 0.000000000, 0.000000000, 0.000000000, 0.000000000, 0.000000000, 0.000000000, 0.000000000, 0.000000000, 0.000000000, 0.000000000, 0.000000000, 0.000000000, 0.000000000, 0.000000000, 0.000000000, 0.000000000, 0.000000000, 0.000000000, 0.000000000, 0.000000000, 0.000000000, 0.000000000, 0.000000000, 0.000000000
 0.000000000, 0.036061798, 0.035805682, 0.000000000, 0.036985467, 0.058211651, 0.070817077, 0.079233500, 0.029346298, 0.049163333, 0.082252261, 0.095561725, 0.194548735, 0.178585235, 0.155500954, 0.153943965, 0.120075842, 0.061864788, 0.000000000, 0.000000000, 0.000000000, 0.000000000, 0.000000000, 0.000000000, 0.000000000, 0.000000000, 0.000000000, 0.000000000, 0.000000000, 0.000000000, 0.000000000, 0.000000000, 0.000000000, 0.000000000, 0.000000000, 0.000000000, 0.000000000, 0.000000000, 0.000000000, 0.000000000, 0.000000000, 0.000000000, 0.000000000, 0.000000000, 0.000000000
 0.000000000, 0.000000000, 0.000000000, 0.000000000, 0.000000000, 0.033914711, 0.023199871, 0.056496360, 0.159561852, 0.137640030, 0.094677883, 0.155721832, 0.290174840, 0.324596014, 0.282245311, 0.149513171, 0.024571852, 0.013843194, 0.000000000, 0.000000000, 0.000000000, 0.000000000, 0.000000000, 0.000000000, 0.000000000, 0.000000000, 0.000000000, 0.000000000, 0.000000000, 0.000000000, 0.000000000, 0.000000000, 0.000000000, 0.000000000, 0.000000000, 0.000000000, 0.000000000, 0.000000000, 0.000000000, 0.000000000, 0.000000000, 0.000000000, 0.000000000, 0.000000000, 0.000000000
 0.000000000, 0.000000000, 0.000000000, 0.000000000, 0.000000000, 0.018820538, 0.029317565, 0.072603282, 0.088034388, 0.052401828, 0.135748320, 0.206414881, 0.258571226, 0.200864711, 0.111820294, 0.089731589, 0.055946880, 0.074211489, 0.073466434, 0.000000000, 0.000000000, 0.000000000, 0.000000000, 0.000000000, 0.000000000, 0.000000000, 0.000000000, 0.236491513, 0.213829891, 0.194857085, 0.185900558, 0.000000000, 0.000000000, 0.000000000, 0.000000000, 0.000000000, 0.000000000, 0.000000000, 0.000000000, 0.000000000, 0.000000000, 0.000000000, 0.000000000, 0.000000000, 0.000000000
 0.000000000, 0.000000000, 0.000000000, 0.000000000, 0.000000000, 0.000000000, 0.050019837, 0.123882921, 0.125701018, 0.124675276, 0.189994625, 0.166037480, 0.119880096, 0.116650834, 0.122681932, 0.129127780, 0.100600840, 0.097362569, 0.089355781, 0.000000000, 0.000000000, 0.000000000, 0.000000000, 0.000000000, 0.000000000, 0.000000000, 0.000000000, 0.000000000, 0.134065553, 0.281761729, 0.137466297, 0.000000000, 0.000000000, 0.000000000, 0.000000000, 0.000000000, 0.000000000, 0.074618757, 0.096374657, 0.000000000, 0.000000000, 0.000000000, 0.000000000, 0.000000000, 0.000000000
 0.000000000, 0.037664250, 0.012983862, 0.004678383, 0.000000000, 0.000000000, 0.008096882, 0.052429331, 0.104246019, 0.053996852, 0.164604759, 0.234868213, 0.111037712, 0.043259823, 0.017990413, 0.018115700, 0.000000000, 0.013890397, 0.017908780, 0.000000000, 0.000000000, 0.000000000, 0.000000000, 0.000000000, 0.000000000, 0.000000000, 0.000000000, 0.106018034, 0.206155240, 0.278453264, 0.140444939, 0.000000000, 0.000000000, 0.000000000, 0.000000000, 0.000000000, 0.000000000, 0.136045164, 0.347584071, 0.398467915, 0.369696796, 0.000000000, 0.000000000, 0.000000000, 0.000000000
 0.000000000, 0.000000000, 0.007986786, 0.001540368, 0.000000000, 0.000000000, 0.002967627, 0.034044940, 0.093350486, 0.084843107, 0.067689549, 0.115355075, 0.106306541, 0.054908640, 0.041815775, 0.055444582, 0.036166624, 0.001092194, 0.001457972, 0.000000000, 0.000000000, 0.000000000, 0.000000000, 0.000000000, 0.000000000, 0.000000000, 0.000000000, 0.330387409, 0.583132418, 0.831312808, 0.395028068, 0.169615341, 0.168951262, 0.000000000, 0.000000000, 0.000000000, 0.000000000, 0.146365606, 0.336820904, 0.366132177, 0.301581791, 0.000000000, 0.000000000, 0.000000000, 0.000000000
 0.000000000, 0.000000000, 0.039001271, 0.033042078, 0.000000000, 0.000000000, 0.049519594, 0.111069400, 0.183149865, 0.180916579, 0.184948460, 0.181634735, 0.083549181, 0.029763463, 0.036627923, 0.035813295, 0.043102602, 0.027438207, 0.008741722, 0.000000000, 0.000000000, 0.000000000, 0.000000000, 0.000000000, 0.000000000, 0.000000000, 0.240491954, 0.225436743, 0.815014154, 0.821679408, 0.271634507, 0.000000000, 0.000000000, 0.000000000, 0.000000000, 0.000000000, 0.000000000, 0.230087018, 0.332076060, 0.280205956, 0.000000000, 0.000000000, 0.000000000, 0.000000000, 0.000000000
 0.000000000, 0.085936008, 0.076345407, 0.000000000, 0.000000000, 0.000000000, 0.040857989, 0.039458436, 0.041562004, 0.036902496, 0.051767210, 0.131167799, 0.132347523, 0.074500129, 0.021950734, 0.024356729, 0.043478034, 0.028296650, 0.015384823, 0.000000000, 0.000000000, 0.000000000, 0.000000000, 0.000000000, 0.000000000, 0.000000000, 0.313891071, 0.195344417, 0.432994359, 0.703388485, 0.248375327, 0.000000000, 0.000000000, 0.000000000, 0.000000000, 0.000000000, 0.000000000, 0.167179441, 0.169699040, 0.000000000, 0.000000000, 0.000000000, 0.000000000, 0.000000000, 0.000000000
 0.000000000, 0.047941948, 0.046280022, 0.000000000, 0.000000000, 0.000000000, 0.015741120, 0.036579386, 0.073365232, 0.090924084, 0.047858651, 0.058029964, 0.077622685, 0.023984167, 0.015529533, 0.045823086, 0.046669610, 0.018523456, 0.003081464, 0.000000000, 0.000000000, 0.000000000, 0.000000000, 0.000000000, 0.000000000, 0.000000000, 0.000000000, 0.000000000, 0.100462322, 0.371223747, 0.415688824, 0.125881640, 0.000000000, 0.000000000, 0.000000000, 0.000000000, 0.114437935, 0.138331858, 0.000000000, 0.000000000, 0.000000000, 0.000000000, 0.000000000, 0.000000000, 0.000000000
 0.000000000, 0.056260950, 0.085221604, 0.073977814, 0.000000000, 0.000000000, 0.000000000, 0.045739657, 0.081428787, 0.024489485, 0.028918869, 0.074622284, 0.032251150, 0.007587247, 0.033818157, 0.026665104, 0.021697600, 0.015452912, 0.000000000, 0.000000000, 0.000000000, 0.000000000, 0.000000000, 0.000000000, 0.142127701, 0.274252001, 0.124543721, 0.000000000, 0.287453074, 0.429846309, 0.388375645, 0.225707745, 0.261906159, 0.162535171, 0.000000000, 0.000000000, 0.259432724, 0.362995318, 0.255499559, 0.000000000, 0.000000000, 0.000000000, 0.000000000, 0.000000000, 0.000000000
 0.000000000, 0.000000000, 0.049178954, 0.029150058, 0.008170832, 0.000000000, 0.000000000, 0.005076847, 0.034840767, 0.049383882, 0.024753798, 0.006492293, 0.025257977, 0.041520127, 0.097760785, 0.119177303, 0.032345993, 0.000000000, 0.000000000, 0.000000000, 0.000000000, 0.202775374, 0.143750041, 0.000000000, 0.211224848, 0.395110645, 0.185832754, 0.153940863, 0.411214838, 0.601494618, 0.243678773, 0.000000000, 0.000000000, 0.000000000, 0.000000000, 0.000000000, 0.178065996, 0.425417721, 0.515043235, 0.477875114, 0.381510272, 0.000000000, 0.000000000, 0.000000000, 0.000000000
 0.000000000, 0.000000000, 0.000000000, 0.000000000, 0.000000000, 0.000000000, 0.072728822, 0.117632615, 0.044225247, 0.028205863, 0.042267758, 0.066486277, 0.028726207, 0.035880912, 0.046259962, 0.025986725, 0.011985250, 0.002731718, 0.000000000, 0.000000000, 0.000000000, 0.237983574, 0.155037185, 0.000000000, 0.193760831, 0.544467658, 0.692064941, 0.319990503, 0.523545173, 0.834437497, 0.352622677, 0.366952562, 0.427654256, 0.000000000, 0.000000000, 0.000000000, 0.321322665, 0.811492071, 1.006252556, 0.895711889, 0.537074081, 0.135536494, 0.000000000, 0.000000000, 0.000000000
 0.000000000, 0.000000000, 0.000000000, 0.000000000, 0.000000000, 0.000000000, 0.072255141, 0.146240056, 0.080094914, 0.090370745, 0.094806928, 0.064900269, 0.090645053, 0.096663902, 0.021810261, 0.007585300, 0.010787433, 0.005788202, 0.002970470, 0.000000000, 0.000000000, 0.132728099, 0.077963231, 0.000000000, 0.138426198, 0.399296316, 0.521854062, 0.402328153, 0.667440483, 0.751933821, 0.312559041, 0.336688088, 0.417216261, 0.570159516, 0.713391915, 0.000000000, 0.379698190, 1.163054287, 1.538483973, 1.462743122, 0.829406908, 0.168055564, 0.000000000, 0.000000000, 0.000000000
 0.000000000, 0.000000000, 0.016210670, 0.004120194, 0.000000000, 0.006281856, 0.024112192, 0.029413679, 0.102353551, 0.131553056, 0.039133019, 0.022873026, 0.111815982, 0.114250044, 0.024686993, 0.003668720, 0.009416650, 0.006039761, 0.000000000, 0.000000000, 0.000000000, 0.237204210, 0.137317445, 0.000000000, 0.123948528, 0.390145384, 0.524401502, 0.549834694, 0.696931108, 0.674537693, 0.488677244, 0.503043684, 0.594747605, 0.764986923, 0.507287642, 0.000000000, 0.000000000, 0.683156979, 1.336098039, 1.274999561, 0.855146879, 0.475385301, 0.000000000, 0.000000000, 0.000000000
 0.000000000, 0.240574392, 0.159091881, 0.032062628, 0.001099899, 0.006222050, 0.008375984, 0.005203754, 0.000000000, 0.000000000, 0.000000000, 0.007486290, 0.007859324, 0.020246750, 0.030902073, 0.019908596, 0.039633892, 0.058279569, 0.000000000, 0.000000000, 0.000000000, 0.000000000, 0.000000000, 0.000000000, 0.260882749, 0.424437564, 0.412873584, 0.460773959, 0.612687297, 0.593798623, 0.419158501, 0.399659503, 0.439673264, 0.507506962, 0.313003377, 0.000000000, 0.182300954, 0.530886806, 0.731320192, 0.713411891, 0.545950955, 0.459765780, 0.119704805, 0.000000000, 0.000000000
 0.000000000, 0.000000000, 0.000000000, 0.001818758, 0.037070472, 0.046668509, 0.032419800, 0.062981397, 0.128219872, 0.073854690, 0.012148797, 0.018447807, 0.012846175, 0.000000000, 0.008669895, 0.031766571, 0.025469185, 0.000000000, 0.000000000, 0.000000000, 0.000000000, 0.000000000, 0.000000000, 0.000000000, 0.000000000, 0.000000000, 0.000000000, 0.313534146, 0.443115372, 0.596727632, 0.505007749, 0.338994765, 0.359220830, 0.409049492, 0.249456592, 0.000000000, 0.129510398, 0.378241437, 0.438994408, 0.441801996, 0.375697118, 0.307929266, 0.000000000, 0.000000000, 0.000000000
 0.000000000, 0.000000000, 0.000000000, 0.000000000, 0.000000000, 0.000000000, 0.000000000, 0.000000000, 0.047172661, 0.047921987, 0.015901143, 0.040286551, 0.064698744, 0.038437682, 0.025689759, 0.054654643, 0.041894448, 0.000000000, 0.000000000, 0.000000000, 0.000000000, 0.000000000, 0.000000000, 0.000000000, 0.000000000, 0.000000000, 0.000000000, 0.321380962, 0.490058149, 0.489963032, 0.379890740, 0.381391099, 0.398561659, 0.455330779, 0.266355926, 0.000000000, 0.154948894, 0.464153180, 0.529255898, 0.479639006, 0.404428360, 0.327144900, 0.000000000, 0.000000000, 0.000000000
 0.000000000, 0.000000000, 0.000000000, 0.209165147, 0.069602644, 0.000000000, 0.054648744, 0.242993167, 0.223227130, 0.000000000, 0.000000000, 0.000000000, 0.020998753, 0.020537087, 0.080518909, 0.071676577, 0.000000000, 0.000000000, 0.000000000, 0.000000000, 0.000000000, 0.000000000, 0.000000000, 0.000000000, 0.000000000, 0.000000000, 0.000000000, 0.240897752, 0.593360053, 0.790150013, 0.917044066, 0.701126626, 0.475947558, 0.556637501, 0.332739522, 0.000000000, 0.194446740, 0.552217032, 0.649614079, 0.656214174, 0.544374855, 0.332675787, 0.000000000, 0.000000000, 0.000000000
 0.000000000, 0.000000000, 0.000000000, 0.000000000, 0.000000000, 0.000000000, 0.228364294, 0.217067872, 0.000000000, 0.020653295, 0.019296274, 0.000000000, 0.012210982, 0.039730713, 0.109603130, 0.124195243, 0.050011233, 0.000000000, 0.000000000, 0.000000000, 0.000000000, 0.000000000, 0.000000000, 0.000000000, 0.000000000, 0.000000000, 0.000000000, 0.138414033, 0.538770299, 0.962392358, 1.186874413, 1.222773899, 0.946683186, 0.793223731, 0.453832719, 0.000000000, 0.257189302, 0.697265224, 0.794862679, 0.821429944, 0.777969453, 0.501074611, 0.000000000, 0.000000000, 0.000000000
 0.000000000, 0.000000000, 0.000000000, 0.000000000, 0.000000000, 0.000000000, 0.115488167, 0.137884061, 0.000000000, 0.000000000, 0.000000000, 0.000000000, 0.000000000, 0.039281039, 0.044779619, 0.002482296, 0.006771578, 0.008796116, 0.000000000, 0.000000000, 0.000000000, 0.000000000, 0.000000000, 0.000000000, 0.000000000, 0.000000000, 0.000000000, 0.164937146, 0.721258869, 1.294708281, 1.689567418, 2.039218021, 2.178683697, 2.494161895, 2.240258201, 2.613565319, 2.262831849, 0.774572864, 0.955641632, 1.200928466, 1.215505423, 0.755700810, 0.000000000, 0.000000000, 0.000000000
 0.000000000, 0.000000000, 0.114651925, 0.060760710, 0.000000000, 0.000000000, 0.000000000, 0.003658592, 0.003613875, 0.000000000, 0.000000000, 0.000000000, 0.000000000, 0.000000000, 0.000000000, 0.000000000, 0.000000000, 0.000000000, 0.000000000, 0.000000000, 0.000000000, 0.000000000, 0.000000000, 0.000000000, 0.000000000, 0.000000000, 0.000000000, 0.220829623, 1.139839019, 2.380876289, 3.333986257, 3.772128428, 3.966065938, 4.792765427, 5.935071684, 7.034055490, 5.726176219, 2.559757823, 1.751569062, 1.897085900, 1.989266652, 1.520017206, 0.000000000, 0.000000000, 0.000000000
 0.000000000, 0.184245918, 0.160266816, 0.048899109, 0.000000000, 0.000000000, 0.000000000, 0.025259944, 0.038616818, 0.062735852, 0.066233386, 0.067788676, 0.067405748, 0.000000000, 0.000000000, 0.000000000, 0.000000000, 0.000000000, 0.000000000, 0.000000000, 0.000000000, 0.000000000, 0.000000000, 0.000000000, 0.000000000, 0.000000000, 0.000000000, 0.319887720, 2.167913915, 4.626502920, 6.257138826, 7.638634099, 8.341436448, 9.684778382,11.274458820,12.119911481, 5.879058042, 1.535150713, 3.606274937, 3.610742966, 4.238123520, 4.294649579, 1.154728672, 0.000000000, 0.000000000
 0.000000000, 0.185208048, 0.223135812, 0.080727265, 0.000000000, 0.000000000, 0.000000000, 0.000000000, 0.008861614, 0.024083945, 0.047063285, 0.051415446, 0.000000000, 0.000000000, 0.000000000, 0.000000000, 0.000000000, 0.000000000, 0.000000000, 0.000000000, 0.000000000, 0.000000000, 0.000000000, 0.000000000, 0.000000000, 0.000000000, 0.000000000, 0.605135469, 3.890529536, 7.617942022, 9.956142769,12.333084140,12.681696868,12.407294349, 9.184232707, 8.303075642, 5.812073446, 3.059257062, 4.067201162, 3.956486097, 3.300492760, 3.317021156, 2.005614639, 0.000000000, 0.000000000
 0.000000000, 0.156525609, 0.072169273, 0.000000000, 0.000000000, 0.000000000, 0.000000000, 0.000000000, 0.009508798, 0.012821326, 0.001828842, 0.002252241, 0.000000000, 0.000000000, 0.000000000, 0.000000000, 0.000000000, 0.000000000, 0.000000000, 0.000000000, 0.000000000, 0.000000000, 0.319257419, 0.135651024, 0.243720897, 0.501663031, 0.174817352, 0.000000000, 3.902009782, 9.504953816, 9.889804560,10.216794363, 9.394981288, 8.876924966, 4.039640615, 3.232273968, 2.552705523, 1.220374722, 2.466083965, 2.469627159, 2.051463186, 2.008777387, 1.166895657, 0.000000000, 0.000000000
 0.000000000, 0.000000000, 0.000000000, 0.000000000, 0.000000000, 0.000000000, 0.000000000, 0.000000000, 0.047751697, 0.092270745, 0.051700373, 0.000000000, 0.088694142, 0.174310736, 0.150719517, 0.066310434, 0.000000000, 0.000000000, 0.000000000, 0.000000000, 0.000000000, 0.222319356, 0.433801715, 0.544655858, 0.636963389, 0.757452920, 0.248923863, 0.000000000, 2.154594254, 6.173425244, 7.013234609, 6.270034230, 5.386815023, 4.830919694, 3.371851934, 1.977083587, 1.294990270, 1.284090586, 1.644701189, 1.578861359, 1.250359075, 1.115341491, 0.509442934, 0.000000000, 0.000000000
 0.000000000, 0.000000000, 0.000000000, 0.000000000, 0.000000000, 0.000000000, 0.000000000, 0.000000000, 0.000000000, 0.004762104, 0.005201789, 0.000000000, 0.000000000, 0.053405407, 0.097570146, 0.063200300, 0.000000000, 0.000000000, 0.000000000, 0.000000000, 0.000000000, 0.000000000, 0.148321040, 0.519234497, 1.471779936, 1.071402633, 0.337526614, 0.000000000, 0.000000000, 2.968985894, 4.840504526, 4.711952323, 3.932325722, 4.194093526, 4.298445701, 3.798457316, 1.664733329, 0.880194535, 1.593301222, 1.401361023, 1.288977678, 1.243849709, 0.422322262, 0.000000000, 0.000000000
 0.000000000, 0.000000000, 0.000000000, 0.000000000, 0.000000000, 0.000000000, 0.000000000, 0.000000000, 0.000000000, 0.031011136, 0.113985051, 0.121382943, 0.059027989, 0.005630962, 0.047090884, 0.063705068, 0.000000000, 0.000000000, 0.000000000, 0.000000000, 0.000000000, 0.000000000, 0.151245651, 0.241887803, 1.475849065, 2.525405274, 1.276339446, 1.264367533, 4.557257797, 4.278875200, 3.152684859, 3.130158111, 3.864596035, 4.123323708, 4.207863931, 3.902831429, 1.844516886, 0.893631131, 1.509951138, 1.372219381, 1.252096296, 1.129808971, 0.365771899, 0.000000000, 0.000000000
 0.000000000, 0.165606891, 0.086189157, 0.000000000, 0.000000000, 0.000000000, 0.000000000, 0.000000000, 0.000000000, 0.000000000, 0.000000000, 0.000000000, 0.000000000, 0.028980123, 0.030273213, 0.000000000, 0.000000000, 0.000000000, 0.000000000, 0.000000000, 0.147571139, 0.404026915, 0.373677806, 0.000000000, 1.511923104, 3.075320964, 2.634145966, 1.317817201, 4.207995706, 4.387618638, 4.191938273, 4.200844745, 4.409272656, 4.865289006, 5.006082595, 4.395938488, 2.345677493, 1.354800410, 1.631124999, 1.451245808, 1.326218173, 1.206630949, 0.477408721, 0.000000000, 0.000000000
 0.000000000, 0.242748853, 0.111883639, 0.000000000, 0.000000000, 0.000000000, 0.000000000, 0.000000000, 0.000000000, 0.000000000, 0.000000000, 0.000000000, 0.000000000, 0.000000000, 0.000000000, 0.000000000, 0.000000000, 0.000000000, 0.000000000, 0.000000000, 0.226487684, 0.530441288, 0.131107707, 0.000000000, 0.797962477, 2.424146953, 2.471585090, 1.156822174, 3.884664418, 4.881136099, 5.178474794, 5.427927436, 5.578428563, 5.561611105, 5.450456506, 5.243690427, 2.387199879, 1.110820345, 1.787354750, 1.581268879, 1.492308187, 1.518391496, 0.688549322, 0.000000000, 0.000000000
 0.000000000, 0.299334845, 0.265843362, 0.090650832, 0.000000000, 0.000000000, 0.000000000, 0.000000000, 0.000000000, 0.000000000, 0.000000000, 0.000000000, 0.000000000, 0.000000000, 0.000000000, 0.000000000, 0.000000000, 0.000000000, 0.000000000, 0.000000000, 0.000000000, 0.463029378, 1.790977028, 0.985332452, 0.407347998, 1.436358474, 2.134449142, 2.180181875, 3.889160926, 5.294568609, 6.257548961, 6.679937089, 6.798657310, 8.269188214, 7.917522218, 7.604315235, 3.879506506, 0.784786120, 1.591888497, 1.582662682, 1.557293060, 1.525035092, 0.711372523, 0.000000000, 0.000000000
 0.000000000, 0.000000000, 0.000000000, 0.017488307, 0.012371406, 0.000000000, 0.000000000, 0.000000000, 0.000000000, 0.000000000, 0.000000000, 0.000000000, 0.000000000, 0.000000000, 0.000000000, 0.000000000, 0.000000000, 0.000000000, 0.000000000, 0.000000000, 0.000000000, 0.158394845, 1.155706008, 1.373828070, 0.722040295, 0.911955432, 0.780308953, 2.648977343, 5.890932435, 6.929584943, 6.986719708, 7.126334955, 7.764271159,10.160569243,13.081566388, 6.947971658, 0.000000000, 1.125853725, 2.210199237, 2.122419989, 2.052918878, 1.919284175, 1.013024089, 0.000000000, 0.000000000
 0.000000000, 0.289685581, 0.496244113, 0.073066889, 0.000000000, 0.000000000, 0.000000000, 0.000000000, 0.000000000, 0.000000000, 0.000000000, 0.000000000, 0.000000000, 0.000000000, 0.000000000, 0.000000000, 0.000000000, 0.000000000, 0.000000000, 0.000000000, 0.138368558, 0.582996047, 1.062634324, 1.417223977, 1.005575646, 0.504953475, 0.267428584, 2.762281377, 7.107115418, 8.703284637, 9.601941580,10.664910926,11.153349546,10.949000907,12.226693372,14.351760552, 7.123639154, 1.327671550, 2.874639701, 2.709981660, 2.715309546, 2.522003775, 1.179657796, 0.000000000, 0.000000000
 0.000000000, 0.000000000, 0.000000000, 0.000000000, 0.000000000, 0.000000000, 0.000000000, 0.000000000, 0.000000000, 0.000000000, 0.000000000, 0.219686166, 0.121730078, 0.000000000, 0.000000000, 0.000000000, 0.000000000, 0.000000000, 0.000000000, 0.000000000, 0.151251851, 0.562683689, 0.897940169, 1.078609446, 1.240325462, 0.886856773, 0.299370022, 3.515919322, 8.772784748,13.185525769,16.987286304,18.629395817,19.765899834,17.856675730,16.505022903,16.928490498,12.517529829, 0.791196334, 4.022026370, 4.407352153, 4.207884230, 3.863460447, 1.931045154, 0.000000000, 0.000000000
 0.000000000, 0.000000000, 2.321683216, 0.889828524, 0.295993359, 0.000000000, 0.000000000, 0.000000000, 0.000000000, 0.000000000, 0.000000000, 0.000000000, 0.156156392, 0.147186275, 0.093135304, 0.031186653, 0.000000000, 0.000000000, 0.000000000, 0.000000000, 0.363382407, 0.711822756, 1.531354359, 1.953723684, 1.424973235, 0.878803171, 0.000000000, 3.003462007,13.168785586,18.063097533,20.348524489,21.004266303,20.396463164,15.998254380,13.372199322,14.242744634,15.896049698, 0.000000000, 3.701170873, 5.881108768, 6.478640822, 6.243177960, 2.554247560, 0.000000000, 0.000000000
 0.000000000, 0.000000000, 1.115782905, 1.688444126, 0.767256295, 0.000000000, 0.000000000, 0.000000000, 0.000000000, 0.000000000, 0.000000000, 0.054396342, 0.111566306, 0.057571664, 0.000000000, 0.000000000, 0.000000000, 0.034094174, 0.047052571, 0.000000000, 0.000000000, 0.556383051, 1.674711660, 2.015802276, 2.062970532, 1.938266008, 0.000000000, 4.871212901,21.172257899,28.323273885,25.865597111,19.849589485,13.755880839,12.066034123,14.513101643,17.699544497,19.547734646, 0.000000000, 3.150242369, 6.353412226,10.116748070,11.972902024, 7.146719099, 0.000000000, 0.000000000
 0.000000000, 0.000000000, 1.759100948, 3.543031194, 2.289427649, 0.000000000, 0.000000000, 0.000000000, 0.000000000, 0.000000000, 0.000000000, 0.000000000, 0.000000000, 0.000000000, 0.000000000, 0.000000000, 0.000000000, 0.000000000, 0.000000000, 0.000000000, 0.183618891, 1.020138774, 1.981058361, 2.142664004, 2.040529130, 1.840457469, 0.000000000, 5.343942976,21.778504463,28.235898068,26.034718719,23.357560612,19.309891387,15.487281511,13.521730859,13.364645467,13.446410833, 0.000000000, 8.837613336,14.686929042,22.106103480,18.256628311, 8.502756367, 0.000000000, 0.000000000
 0.000000000, 0.000000000, 0.000000000, 2.027567980, 1.764346754, 1.006720970, 0.000000000, 0.000000000, 0.000000000, 0.000000000, 0.000000000, 0.000000000, 0.000000000, 0.000000000, 0.000000000, 0.000000000, 0.000000000, 0.000000000, 0.000000000, 0.000000000, 0.092211048, 0.829870826, 2.200754570, 2.942667712, 2.903110857, 2.057501007, 0.806950613, 0.000000000, 8.257861938,17.706096567,13.684156122,12.816336555,11.617549972,10.686264079,11.233997911,12.323274018,13.459418935, 4.167654484, 5.133155291, 4.988514017,11.322657572,11.915875457, 9.780958688, 0.000000000, 0.000000000
 0.000000000, 0.000000000, 0.000000000, 0.000000000, 0.000000000, 0.000000000, 0.000000000, 0.000000000, 0.000000000, 0.000000000, 0.000000000, 0.000000000, 0.000000000, 0.000000000, 0.000000000, 0.000000000, 0.000000000, 0.000000000, 0.000000000, 0.000000000, 0.000000000, 1.269410919, 3.828753088, 3.918130529, 3.719503687, 2.256012215, 0.000000000, 2.715361112,15.679455204,19.662922239,13.839821480,12.479326334,12.223228957,11.657293414,11.294962405,10.879587303,10.594865937, 2.857221833, 7.650436051,13.842765892,20.330625939,23.571261722, 0.000000000, 0.000000000, 0.000000000
 0.000000000, 0.000000000, 0.000000000, 0.000000000, 0.000000000, 0.000000000, 0.000000000, 0.000000000, 0.000000000, 0.000000000, 0.000000000, 0.000000000, 0.000000000, 0.000000000, 0.000000000, 0.000000000, 0.000000000, 0.000000000, 0.000000000, 0.000000000, 0.273518213, 2.389842718, 6.193871250, 7.888047869, 7.737783217, 6.694889395, 0.000000000, 0.000000000, 7.177997941,10.151562131, 9.622085134, 8.738192213, 7.768050211, 7.158827772, 6.770757009, 6.411736614, 6.981932010, 6.751022589,13.632720997,15.687091487,20.130876804,29.912757898, 0.000000000, 0.000000000, 0.000000000
 0.000000000, 9.436017350,17.060027258, 6.138202189, 2.009651620, 0.000000000, 0.000000000, 0.000000000, 0.000000000, 0.000000000, 0.000000000, 0.000000000, 0.000000000, 0.000000000, 0.000000000, 0.000000000, 0.000000000, 0.000000000, 0.000000000, 0.000000000, 0.000000000, 1.833224180, 7.047357710, 9.420456918,10.405018203,10.601268992, 5.501726485, 0.000000000, 4.698448582, 9.563313970,10.001728455, 9.015181397, 8.675389887, 8.610396717, 8.670119128, 9.480321364,10.147082687, 8.214798088,11.934430235,12.586967063,15.755398564,17.595907357,14.270016574, 0.000000000, 0.000000000
 0.000000000, 0.000000000, 0.000000000, 0.000000000, 0.000000000, 0.000000000, 0.000000000, 0.000000000, 0.000000000, 0.000000000, 0.000000000, 0.000000000, 0.000000000, 0.000000000, 0.000000000, 0.000000000, 0.000000000, 0.000000000, 0.000000000, 0.000000000, 0.000000000, 1.861986817, 7.403795622, 9.835589202, 8.911891427, 8.554711541, 6.766094888, 0.000000000, 5.796017957,11.745167123,11.489335466,10.321715439, 9.894188515, 8.923714561, 8.397289333, 8.050017351, 7.635825128, 7.524508310, 7.070154134, 6.861605519,10.615664336,14.934948049,14.251472451, 0.000000000, 0.000000000
 0.000000000, 0.000000000, 0.000000000, 0.000000000, 0.000000000, 0.000000000, 0.000000000, 0.000000000, 0.000000000, 0.000000000, 0.000000000, 0.000000000, 0.000000000, 0.000000000, 0.000000000, 0.000000000, 0.000000000, 0.000000000, 0.000000000, 0.000000000, 0.000000000, 0.000000000,16.165507590,20.169438058,18.638137588,15.906920617,14.367077205, 0.000000000, 3.945667401, 7.666987680, 8.496596415, 8.741148303, 8.824711724, 8.272927442, 8.527950329, 9.291411544,10.277548247,11.577533484,11.793536712,12.726955832,17.197966979,21.807620881, 0.000000000, 0.000000000, 0.000000000
 0.000000000, 7.148254750,14.567821445,10.124060314, 4.145556268, 0.000000000, 0.000000000, 0.000000000, 0.000000000, 0.521601752, 0.394313929, 0.655606686, 0.000000000, 0.000000000, 0.000000000, 0.000000000, 0.000000000, 0.000000000, 0.000000000, 0.000000000, 0.479555864, 5.244462384,16.240290661,22.621371935,25.910882188,26.873355024,26.703624865, 0.000000000, 0.000000000,19.661208715,16.188807977,16.293853733,15.956086015,15.880006272,16.248322914,16.584820023,17.150462447,17.848012594,17.769195490,17.249140211,16.555326775,16.264991391, 0.000000000, 0.000000000, 0.000000000
 0.000000000, 6.570608161,14.378813877, 5.852732059, 3.687683541, 0.793463881, 0.000000000, 0.000000000, 0.000000000, 0.000000000, 0.000000000, 0.000000000, 0.000000000, 0.000000000, 0.000000000, 0.000000000, 0.000000000, 0.000000000, 0.000000000, 0.000000000, 0.462723060, 1.323428319, 7.167363174,12.650516896,16.291169126,13.244809825,15.131415848,16.544034181,22.759488246,23.781169437,22.109467670,21.564727743,20.957926322,18.377508939,16.779747801,15.749602661,14.375930999,10.093049989, 8.195823627, 8.849128165, 9.343468946,10.318740247, 9.078193177, 0.000000000, 0.000000000
 0.000000000, 3.729594090,10.748883524,17.506610792,11.514728893, 3.154972607, 0.998087527, 0.608635032, 0.466841833, 0.267076675, 0.177946385, 0.112490928, 0.166738304, 0.216240685, 0.140084332, 0.092689633, 0.106989116, 0.134076278, 0.181790537, 0.149586926, 0.383977114, 2.405812940, 4.795373632, 5.727425302, 5.488559335, 4.887550926, 5.294523320, 5.226521582, 5.632512493, 5.416404086, 4.848531833, 5.340008704, 5.518262255, 5.316611880, 5.234312000, 5.279848298, 4.815514082, 5.628804719, 8.826672329,12.937727131,18.345687270,20.493800193,21.226051616, 0.000000000, 0.000000000
 0.000000000,13.876459703,22.485063562,33.248444613,31.346236676,15.700849942, 4.028245388, 1.227701672, 0.762335901, 0.731967163, 0.898947105, 0.398816476, 0.226045336, 0.512906673, 0.760576830, 0.437065771, 0.199046158, 0.138027734, 0.362803250, 0.426774131, 0.397480173, 2.347377615, 6.057083377, 8.035738395, 8.665317712, 8.343559983,19.373953520,19.497628964,20.611581483,18.364454894,15.305298080,16.044377067,16.997825045,16.968603272, 6.871181889, 7.395076151, 8.105579300,11.289759949,17.998726076,27.243445484,31.016493907,34.132152278,34.076801091, 0.000000000, 0.000000000
 0.000000000, 5.177818307,19.550255339,34.161418288,30.625201668,19.316712606,11.518447706, 3.022431920, 0.294980716, 0.205465056, 0.206779886, 0.137386240, 0.263142509, 0.480002737, 0.602965921, 0.441996102, 0.363489016, 0.366991689, 0.710598503, 0.969645474, 1.163868525, 3.460819461, 6.718394855, 9.189850344,11.701463202,12.511660894,33.400898913,34.258731515,38.167708121,39.461590280,35.769329805,32.198941236,31.658908222,32.847761783,12.525783641,12.823841407,13.034206130,13.379063010,21.803529356,24.974399248,29.344392819,26.505655907,23.548899116, 0.000000000, 0.000000000
 0.000000000, 3.659673919, 5.993379093,12.008552027,11.239355087, 8.906763277, 9.018508142, 3.920511829, 0.539156598, 0.076972959, 0.065233378, 0.104245218, 0.059709105, 0.044187635, 0.078523189, 0.091257246, 0.052268571, 0.083901954, 0.385242517, 0.600481248, 0.814313363, 2.987466903, 5.789323298, 7.478821605, 8.315212039, 8.899721063,25.865838604,26.883077679,33.852907494,40.345854853,38.970387747,38.540510697,36.413516445,32.660129239,11.453434168,10.899701530,10.211158500, 8.927958672, 9.753883521,11.320119217,11.187720392, 9.768523647, 8.746053497, 0.000000000, 0.000000000
 0.000000000, 0.000000000, 5.143140587, 7.720158892, 9.081955984, 7.221743084, 4.913714894, 1.954227140, 1.151675788, 0.657323449, 0.288672962, 0.203377922, 0.206230353, 0.225127032, 0.233044640, 0.160102428, 0.104623280, 0.112985520, 0.156911492, 0.073722565, 0.945333940, 3.543811450, 4.438893225, 4.731247694, 4.612314819, 4.723195864,10.108272524, 7.112787995,12.312103247,22.893349336,20.348851374,18.246596785,16.896937729,14.761629031, 6.219221951, 6.016370536, 6.182364744, 6.733535419, 5.698415850, 6.712420416, 9.768544917, 9.949701742, 9.364977642, 0.000000000, 0.000000000
 0.000000000, 8.468245823,14.903729709,19.719456543,20.527875653, 7.511204129, 1.527829836, 5.007865342, 5.742141793, 1.422177645, 0.364718698, 0.311932706, 0.246862643, 0.158688039, 0.164688442, 0.167411658, 0.089715353, 0.019001166, 0.000000000, 0.000000000, 1.143757588, 4.953498662, 6.459610145, 9.649255282,11.468403228,10.608377165, 7.051159864, 1.951154098, 0.000000000, 6.965064646, 9.110616971, 9.630808442, 9.328250339, 9.692436897, 9.967231831,10.889182906,11.922229763,10.872586218,10.872143561,12.489676034,19.453712306,24.122357128,24.007115012, 0.000000000, 0.000000000
 0.000000000, 4.641159844,11.721711097,29.013436531,45.738426637,41.934227234,33.620845906,26.333245943,16.576758618, 9.093183831, 4.320211784, 1.444105039, 0.377981862, 0.227268487, 0.278775861, 0.343137463, 0.179103738, 0.285817718, 1.223498963, 1.817073930, 4.435874596, 8.235664692,12.787592584,17.990693300,23.956924136,24.559942370,21.848182940,18.644970144,23.068948268,27.482060894,23.290471266,20.237003013,20.325629182,20.975216946,21.466677117,22.861303474,25.215156266,25.579033018,27.901672585,28.515838915,34.988738838,40.262443714,43.103389959, 0.000000000, 0.000000000
 0.000000000, 3.428725359,12.067829715,22.633063725,39.026419369,46.015951372,49.951942053,43.118993800,14.094816027, 0.000000000, 0.000000000, 0.000000000, 0.000000000, 0.088768784, 0.309893515, 0.398714092, 0.190628129, 0.388869661, 1.640563128, 3.006543888, 7.400155224,12.700184565,21.462757577,29.989692872,35.279914769,36.987407208,36.433731471,36.188132724,40.204565514,44.581493314,43.003054836,38.719431403,36.590934111,36.870168192,37.817875650,39.060248978,40.490786612,41.903559027,39.385664909,38.685533911,42.810683554,44.381418776,42.471433784, 0.000000000, 0.000000000
