 0.00000000, 0.00000000, 0.00000000, 0.00000000, 0.00000000, 0.00000000, 0.00000000, 0.00000000, 0.05774068, 0.07964829, 0.00000000, 0.00000000, 0.00000000, 0.00000000, 0.00000000, 0.00000000, 0.00000000, 0.00000000, 0.00000000, 0.00000000, 0.00000000, 0.00000000, 0.00000000, 0.00000000, 0.00000000, 0.00000000, 0.00000000, 0.00000000, 0.00000000, 0.00000000, 0.00000000, 0.00000000, 0.00000000, 0.00000000, 0.00000000, 0.00000000, 0.00000000, 0.00000000, 0.00000000, 0.00000000, 0.00000000, 0.00000000, 0.00000000, 0.00000000, 0.00000000, 0.00000000, 0.00000000
 0.00000000, 0.00000000, 0.00000000, 0.00000000, 0.00000000, 0.00000000, 0.00000000, 0.00000000, 0.00000000, 0.00000000, 0.00000000, 0.00000000, 0.00000000, 0.00000000, 0.00000000, 0.00000000, 0.00000000, 0.00000000, 0.00000000, 0.00000000, 0.00000000, 0.00000000, 0.00000000, 0.00000000, 0.00000000, 0.00000000, 0.00000000, 0.00000000, 0.00000000, 0.00000000, 0.00000000, 0.00000000, 0.00000000, 0.00000000, 0.00000000, 0.00000000, 0.00000000, 0.00000000, 0.00000000, 0.00000000, 0.00000000, 0.00000000, 0.00000000, 0.00000000, 0.00000000, 0.00000000, 0.00000000
 0.00000000, 0.00000000, 0.00000000, 0.00000000, 0.00000000, 0.00000000, 0.00000000, 0.00000000, 0.00000000, 0.00000000, 0.00000000, 0.00000000, 0.00000000, 0.00000000, 0.00000000, 0.00000000, 0.00000000, 0.00000000, 0.00000000, 0.00000000, 0.00000000, 0.00000000, 0.00000000, 0.00000000, 0.00000000, 0.00000000, 0.00000000, 0.00000000, 0.00000000, 0.00000000, 0.00000000, 0.00000000, 0.00000000, 0.00000000, 0.00000000, 0.00000000, 0.00000000, 0.00000000, 0.00000000, 0.00000000, 0.00000000, 0.00000000, 0.00000000, 0.00000000, 0.00000000, 0.00000000, 0.00000000
 0.00000000, 0.00000000, 0.00000000, 0.00000000, 0.00000000, 0.00000000, 0.00000000, 0.00000000, 0.00000000, 0.00000000, 0.00000000, 0.00000000, 0.00000000, 0.00000000, 0.00000000, 0.00000000, 0.00000000, 0.00000000, 0.00000000, 0.00000000, 0.00000000, 0.00000000, 0.00000000, 0.00000000, 0.00000000, 0.00000000, 0.00000000, 0.00000000, 0.00000000, 0.00000000, 0.14255521, 0.19402717, 0.17538219, 0.18056862, 0.13884334, 0.08835240, 0.00000000, 0.00000000, 0.00000000, 0.00000000, 0.00000000, 0.00000000, 0.00000000, 0.00000000, 0.00000000, 0.00000000, 0.00000000
 0.00000000, 0.00000000, 0.00000000, 0.00000000, 0.00000000, 0.00000000, 0.00000000, 0.00000000, 0.00000000, 0.00000000, 0.00000000, 0.00000000, 0.00000000, 0.00000000, 0.00000000, 0.00000000, 0.00000000, 0.00000000, 0.00000000, 0.00000000, 0.00000000, 0.00000000, 0.00000000, 0.00000000, 0.00000000, 0.00000000, 0.00000000, 0.20763439, 0.26083662, 0.23658370, 0.19501161, 0.17722283, 0.23385767, 0.24356827, 0.19948000, 0.00000000, 0.00000000, 0.00000000, 0.00000000, 0.00000000, 0.00000000, 0.00000000, 0.00000000, 0.00000000, 0.00000000, 0.00000000, 0.00000000
 0.00000000, 0.00000000, 0.00000000, 0.00000000, 0.00000000, 0.00000000, 0.00000000, 0.00000000, 0.00000000, 0.00000000, 0.00000000, 0.00000000, 0.00000000, 0.00000000, 0.00000000, 0.00000000, 0.00000000, 0.00000000, 0.00000000, 0.00000000, 0.00000000, 0.00000000, 0.00000000, 0.00000000, 0.00000000, 0.00000000, 0.10880548, 0.19579035, 0.20178514, 0.25419853, 0.25681905, 0.00000000, 0.00000000, 0.00000000, 0.00000000, 0.00000000, 0.00000000, 0.00000000, 0.00000000, 0.00000000, 0.00000000, 0.00000000, 0.00000000, 0.00000000, 0.00000000, 0.00000000, 0.00000000
 0.00000000, 0.00000000, 0.00000000, 0.00000000, 0.00000000, 0.00000000, 0.00000000, 0.00000000, 0.00000000, 0.00000000, 0.00000000, 0.00000000, 0.00000000, 0.00000000, 0.00000000, 0.00000000, 0.00000000, 0.00000000, 0.00000000, 0.00000000, 0.00000000, 0.00000000, 0.00000000, 0.00000000, 0.00000000, 0.00000000, 0.00000000, 0.00000000, 0.00000000, 0.00000000, 0.00000000, 0.00000000, 0.00000000, 0.00000000, 0.00000000, 0.00000000, 0.00000000, 0.00000000, 0.00000000, 0.00000000, 0.00000000, 0.00000000, 0.00000000, 0.00000000, 0.00000000, 0.00000000, 0.00000000
 0.00000000, 0.00000000, 0.00000000, 0.00000000, 0.00000000, 0.00000000, 0.00000000, 0.00000000, 0.00000000, 0.00000000, 0.00000000, 0.00000000, 0.00000000, 0.00000000, 0.00000000, 0.00000000, 0.00000000, 0.00000000, 0.00000000, 0.00000000, 0.00000000, 0.00000000, 0.00000000, 0.00000000, 0.00000000, 0.00000000, 0.00000000, 0.00000000, 0.00000000, 0.00000000, 0.00000000, 0.00000000, 0.00000000, 0.00000000, 0.00000000, 0.00000000, 0.00000000, 0.00000000, 0.00000000, 0.00000000, 0.00000000, 0.00000000, 0.00000000, 0.00000000, 0.00000000, 0.00000000, 0.00000000
 0.00000000, 0.00000000, 0.00000000, 0.00000000, 0.00000000, 0.00000000, 0.00000000, 0.00000000, 0.00000000, 0.00000000, 0.00000000, 0.00000000, 0.00000000, 0.00000000, 0.00000000, 0.00000000, 0.00000000, 0.00000000, 0.00000000, 0.00000000, 0.00000000, 0.00000000, 0.00000000, 0.00000000, 0.00000000, 0.00000000, 0.00000000, 0.00000000, 0.00000000, 0.00000000, 0.18279434, 0.19494873, 0.00000000, 0.00000000, 0.00000000, 0.00000000, 0.00000000, 0.00000000, 0.00000000, 0.00000000, 0.00000000, 0.00000000, 0.00000000, 0.00000000, 0.00000000, 0.00000000, 0.00000000
 0.00000000, 0.22897607, 0.17427289, 0.13809591, 0.00000000, 0.00000000, 0.06820393, 0.09279170, 0.15961769, 0.00000000, 0.00000000, 0.00000000, 0.00000000, 0.00000000, 0.00000000, 0.00000000, 0.00000000, 0.00000000, 0.00000000, 0.00000000, 0.00000000, 0.00000000, 0.00000000, 0.17347229, 0.25670320, 0.28941932, 0.13382763, 0.00000000, 0.00000000, 0.00000000, 0.08898416, 0.28349412, 0.31217035, 0.21231812, 0.17235540, 0.00000000, 0.00000000, 0.00000000, 0.00000000, 0.00000000, 0.14045180, 0.16712282, 0.00000000, 0.00000000, 0.00000000, 0.00000000, 0.00000000
 0.00000000, 0.49159754, 0.37786992, 0.28171962, 0.23342599, 0.20174376, 0.17215018, 0.18485220, 0.27513393, 0.00000000, 0.00000000, 0.00000000, 0.00000000, 0.00000000, 0.00000000, 0.00000000, 0.21147211, 0.27668589, 0.30927010, 0.26854125, 0.09684716, 0.00000000, 0.00000000, 0.08387756, 0.34816414, 0.50493456, 0.22912654, 0.00000000, 0.00000000, 0.14753202, 0.45008397, 0.72360342, 0.64851114, 0.36585530, 0.20253426, 0.10708863, 0.14240889, 0.16730552, 0.00000000, 0.11032501, 0.25473899, 0.40432214, 0.32500217, 0.22807428, 0.00000000, 0.00000000, 0.00000000
 0.00000000, 0.79002822, 0.67496184, 0.52874417, 0.46492284, 0.42345666, 0.27351127, 0.28832598, 0.46219989, 0.24260465, 0.00000000, 0.00000000, 0.00000000, 0.00000000, 0.00000000, 0.00000000, 0.23725447, 0.31987851, 0.36303856, 0.31243821, 0.11068617, 0.00000000, 0.00000000, 0.09953362, 0.36846344, 0.59861761, 0.28280033, 0.00000000, 0.00000000, 0.20336901, 0.66990919, 0.95152138, 0.92870307, 0.64313366, 0.27971277, 0.09129820, 0.14904880, 0.34578432, 0.31292955, 0.21154673, 0.29083095, 0.48648435, 0.49218549, 0.22566721, 0.00000000, 0.00000000, 0.00000000
 0.00000000, 1.57291012, 1.12321089, 0.80824872, 0.69827396, 0.49766607, 0.29415831, 0.61287683, 0.66444629, 0.14495989, 0.00000000, 0.00000000, 0.00000000, 0.00000000, 0.00000000, 0.00000000, 0.00000000, 0.00000000, 0.23923260, 0.27157684, 0.21791947, 0.07647223, 0.00000000, 0.00000000, 0.08036506, 0.32164428, 0.48974919, 0.27818529, 0.00000000, 0.22601218, 0.78993795, 1.21577784, 1.20611991, 0.75552039, 0.32354141, 0.23116085, 0.31962016, 0.49015263, 0.51020516, 0.44007303, 0.38795568, 0.32730769, 0.25509582, 0.10931070, 0.00000000, 0.00000000, 0.00000000
 0.00000000, 1.41026161, 0.95115438, 0.72846390, 0.67533875, 0.46968674, 0.37092187, 0.70499627, 0.50879869, 0.00000000, 0.09279768, 0.06573797, 0.00000000, 0.00000000, 0.00000000, 0.00000000, 0.00000000, 0.00000000, 0.00000000, 0.00000000, 0.00000000, 0.00000000, 0.00000000, 0.00000000, 0.17945269, 0.57221744, 0.38474803, 0.00000000, 0.00000000, 0.28611370, 1.04305668, 1.68311652, 1.57569476, 0.89410310, 0.33285596, 0.24395339, 0.42227118, 0.55672633, 0.51895078, 0.44738703, 0.43126928, 0.29693504, 0.16359489, 0.07373948, 0.00000000, 0.00000000, 0.00000000
 0.00000000, 0.79827475, 0.58666076, 0.46281167, 0.41947106, 0.36077942, 0.29429400, 0.33160881, 0.21655736, 0.30245425, 0.50573724, 0.17946900, 0.00000000, 0.00000000, 0.00000000, 0.00000000, 0.00000000, 0.00000000, 0.00000000, 0.00000000, 0.00000000, 0.00000000, 0.00000000, 0.08909002, 0.59132107, 1.07221552, 0.41941648, 0.00000000, 0.00000000, 0.24409868, 0.87838947, 1.45240062, 1.52853596, 1.03883464, 0.60198049, 0.40608225, 0.42946550, 0.52597382, 0.45805756, 0.36258123, 0.35716876, 0.28153092, 0.13045083, 0.08734139, 0.00000000, 0.00000000, 0.00000000
 0.00000000, 0.51304577, 0.37445970, 0.29763348, 0.27546408, 0.26376535, 0.24224905, 0.22439695, 0.21423824, 0.27090665, 0.31078831, 0.18908077, 0.07485591, 0.00000000, 0.00000000, 0.00000000, 0.00000000, 0.00000000, 0.00000000, 0.00000000, 0.00000000, 0.00000000, 0.00000000, 0.24220373, 0.44689151, 0.52789474, 0.26074336, 0.00000000, 0.00000000, 0.14038453, 0.49748525, 0.85836816, 0.98156945, 0.78022508, 0.62669155, 0.49533431, 0.44430789, 0.54098807, 0.49903090, 0.40681149, 0.39544745, 0.34960669, 0.25093999, 0.00000000, 0.00000000, 0.00000000, 0.00000000
 0.00000000, 0.49516265, 0.42051237, 0.31013280, 0.25650448, 0.27201671, 0.27397274, 0.21609380, 0.09547651, 0.09823759, 0.08840193, 0.00000000, 0.00000000, 0.00000000, 0.00000000, 0.00000000, 0.00000000, 0.00000000, 0.00000000, 0.00000000, 0.00000000, 0.00000000, 0.00000000, 0.00000000, 0.10862116, 0.12177837, 0.00000000, 0.00000000, 0.00000000, 0.10407143, 0.37595971, 0.61966038, 0.68748405, 0.63520884, 0.59592017, 0.52778342, 0.46906219, 0.50960371, 0.49795566, 0.44353246, 0.41574212, 0.35435489, 0.25007065, 0.20859816, 0.00000000, 0.00000000, 0.00000000
 0.00000000, 0.41608261, 0.37034889, 0.30307834, 0.26562933, 0.27383181, 0.24618122, 0.10123588, 0.00000000, 0.15325279, 0.14619987, 0.00000000, 0.00000000, 0.00000000, 0.00000000, 0.00000000, 0.00000000, 0.00000000, 0.00000000, 0.00000000, 0.00000000, 0.00000000, 0.00000000, 0.09308167, 0.11226996, 0.36443257, 0.34136645, 0.00000000, 0.00000000, 0.12239198, 0.51238530, 0.92566475, 1.07225013, 0.99157540, 0.87737849, 0.75917054, 0.72518483, 0.72958940, 0.66550786, 0.62027361, 0.55515546, 0.45722173, 0.31288272, 0.16368174, 0.00000000, 0.00000000, 0.00000000
 0.00000000, 0.55306032, 0.46646397, 0.38888116, 0.32842031, 0.29150413, 0.17897392, 0.04094547, 0.00000000, 0.31678019, 0.62068774, 0.22953148, 0.00000000, 0.00000000, 0.00000000, 0.00000000, 0.00000000, 0.20934248, 0.26202619, 0.35294791, 0.33802388, 0.12647050, 0.12684386, 0.35982204, 0.56186097, 0.62466914, 0.30150162, 0.00000000, 0.00000000, 0.00000000, 0.34908835, 1.37642633, 2.10870856, 1.91387809, 1.58428149, 1.23573723, 1.24490701, 1.39039855, 1.30054969, 1.21407898, 1.02204607, 0.70984507, 0.45601449, 0.32952337, 0.25585873, 0.00000000, 0.00000000
 0.00000000, 0.67794125, 0.53930383, 0.38224458, 0.20759842, 0.21277047, 0.21399059, 0.05979429, 0.00000000, 0.49692421, 0.99022930, 0.38863614, 0.00000000, 0.00000000, 0.00000000, 0.15850183, 0.28485700, 0.39316068, 0.43971333, 0.52265656, 0.45344917, 0.32116237, 0.49825829, 0.64319945, 0.72140800, 0.76792940, 0.35768187, 0.00000000, 0.00000000, 0.00000000, 0.37054831, 1.71937816, 3.08571414, 3.07854615, 2.60470483, 2.07959974, 2.05424822, 2.28429470, 2.12339556, 1.60931897, 1.26844919, 1.05061206, 0.75508826, 0.39603965, 0.17218144, 0.00000000, 0.00000000
 0.00000000, 0.42265985, 0.29436645, 0.18172833, 0.05213957, 0.04582212, 0.17648970, 0.14105248, 0.00000000, 0.41092809, 0.86600095, 0.39156399, 0.00000000, 0.00000000, 0.10967037, 0.21653665, 0.44856048, 0.55692699, 0.55168816, 0.56385701, 0.44286962, 0.28354992, 0.41332772, 0.40774552, 0.28800423, 0.37125445, 0.25596184, 0.00000000, 0.00000000, 0.00000000, 0.51969423, 1.69929457, 2.66640512, 2.77617160, 2.38508785, 2.18838362, 2.18568400, 2.26296637, 2.12848750, 2.01636271, 1.78395972, 1.33106576, 0.87692630, 0.42106414, 0.18228077, 0.00000000, 0.00000000
 0.00000000, 0.17946050, 0.14661233, 0.00000000, 0.15679661, 0.05851427, 0.00000000, 0.00000000, 0.17047018, 0.46221269, 0.50813832, 0.49963682, 0.22117439, 0.00000000, 0.12519281, 0.23792221, 0.42855466, 0.47931094, 0.46358823, 0.43411339, 0.31224141, 0.20042928, 0.29135899, 0.30163593, 0.22017874, 0.26342604, 0.17653963, 0.00000000, 0.00000000, 0.00000000, 0.20242209, 0.87003432, 1.48596819, 1.60724237, 1.48992938, 1.41491633, 1.42666806, 1.38249304, 1.27860596, 1.23499799, 1.20412758, 0.92710121, 0.60443630, 0.32127400, 0.13271945, 0.00000000, 0.00000000
 0.00000000, 0.00000000, 0.00000000, 0.00000000, 0.00000000, 0.00000000, 0.00000000, 0.00000000, 0.27135647, 0.63614906, 0.38536593, 0.38043835, 0.30612083, 0.00000000, 0.00000000, 0.21539751, 0.26815237, 0.29038051, 0.29234270, 0.29119734, 0.21213980, 0.13624502, 0.19691688, 0.22445405, 0.19261825, 0.24980105, 0.16181042, 0.17656481, 0.36696296, 0.20950918, 0.35237808, 0.92076518, 1.09894630, 1.09293949, 1.10399516, 1.04063978, 0.91108770, 0.80894009, 0.69983295, 0.64758905, 0.65671959, 0.56495508, 0.39034866, 0.14191127, 0.00000000, 0.00000000, 0.00000000
 0.00000000, 0.00000000, 0.00000000, 0.00000000, 0.00000000, 0.00000000, 0.00000000, 0.00000000, 0.26135548, 0.71369502, 0.64478717, 0.62358450, 0.32184560, 0.00000000, 0.00000000, 0.00000000, 0.00000000, 0.00000000, 0.00000000, 0.00000000, 0.00000000, 0.00000000, 0.00000000, 0.00000000, 0.10223298, 0.22072505, 0.29331401, 0.47493008, 0.50115312, 0.19213027, 0.31343837, 0.79223116, 0.97972165, 1.02045240, 1.01228166, 0.95685929, 0.80028634, 0.66676569, 0.55554403, 0.48931626, 0.48863959, 0.43968041, 0.31180777, 0.22070748, 0.00000000, 0.00000000, 0.00000000
 0.00000000, 0.17426056, 0.15780940, 0.00000000, 0.00000000, 0.00000000, 0.00000000, 0.00000000, 0.42538509, 1.25686639, 1.08879579, 0.32148307, 0.00000000, 0.00000000, 0.00000000, 0.00000000, 0.00000000, 0.00000000, 0.00000000, 0.00000000, 0.00000000, 0.00000000, 0.00000000, 0.00000000, 0.09292524, 0.23277809, 0.30782062, 0.51198053, 0.57812285, 0.21601030, 0.17376044, 0.64851470, 1.04700463, 1.13772394, 1.16314501, 1.12539983, 0.91616143, 0.69795807, 0.60216209, 0.55520766, 0.54170369, 0.43338183, 0.27310187, 0.17508361, 0.00000000, 0.00000000, 0.00000000
 0.00000000, 0.32571016, 0.28629568, 0.25279208, 0.23686672, 0.19351081, 0.07827194, 0.00000000, 0.56220105, 2.34480733, 2.02006025, 0.59369988, 0.19213036, 0.22883537, 0.00000000, 0.00000000, 0.00000000, 0.00000000, 0.00000000, 0.00000000, 0.00000000, 0.00000000, 0.00000000, 0.00000000, 0.10152104, 0.29455094, 0.61714962, 0.90617312, 0.76019535, 0.28330189, 0.19841744, 0.78508395, 1.35312641, 1.49000322, 1.50826468, 1.45250471, 1.21350664, 0.89476551, 0.74475261, 0.74910111, 0.71817143, 0.53241252, 0.40172529, 0.30996678, 0.00000000, 0.00000000, 0.00000000
 0.00000000, 0.61107549, 0.56499157, 0.50561535, 0.42756230, 0.37849601, 0.29180020, 0.12874003, 0.83475260, 3.29032251, 3.74214261, 1.71555628, 0.00000000, 0.00000000, 0.00000000, 0.00000000, 0.00000000, 0.00000000, 0.00000000, 0.00000000, 0.00000000, 0.00000000, 0.00000000, 0.00000000, 0.10913654, 0.55457597, 1.07050267, 1.21565977, 1.07309783, 0.39177240, 0.24726344, 0.96338819, 1.77396369, 2.16510491, 2.17304890, 1.95306402, 1.68928138, 1.36027007, 1.15529795, 1.16138935, 0.98699480, 0.67364080, 0.33097976, 0.09068524, 0.00000000, 0.00000000, 0.00000000
 0.00000000, 0.66800449, 0.64355781, 0.62013410, 0.68683201, 0.65671761, 0.72965840, 0.50497274, 1.05885947, 3.03984894, 2.83953595, 2.54791904, 1.21966073, 0.00000000, 0.00000000, 0.00000000, 0.00000000, 0.00000000, 0.00000000, 0.00000000, 0.00000000, 0.00000000, 0.00000000, 0.00000000, 0.13093385, 0.70207695, 1.64045130, 2.05248551, 1.76655778, 1.29430033, 2.18830034, 3.81094091, 4.64300902, 4.67216562, 4.29934589, 3.76138971, 2.98774859, 2.36337289, 2.11764930, 1.98502661, 1.39313681, 0.96038203, 0.52050649, 0.13555403, 0.00000000, 0.00000000, 0.00000000
 0.00000000, 0.92850882, 0.76050288, 0.67071482, 0.79132324, 0.77886611, 0.84795381, 0.72739633, 0.67944810, 1.48959942, 1.50734231, 1.38263787, 0.80411480, 0.00000000, 0.00000000, 0.00000000, 0.00000000, 0.00000000, 0.00000000, 0.00000000, 0.00000000, 0.00000000, 0.00000000, 0.00000000, 0.15900258, 1.16936926, 2.92129293, 3.70474961, 3.39277289, 1.25896779, 2.79568763, 7.15420746, 7.94236818, 7.79583880, 8.83033861, 7.21208562, 4.74589603, 4.59453420, 2.97407633, 2.41937572, 1.91285931, 0.78149085, 0.88595036, 0.68962937, 0.00000000, 0.00000000, 0.00000000
 0.00000000, 0.85062511, 0.79419268, 0.67223188, 0.63590900, 0.60332378, 0.48198643, 0.40665921, 0.65648616, 1.05861775, 1.10936153, 1.01831943, 0.84509649, 0.44807863, 0.00000000, 0.00000000, 0.00000000, 0.00000000, 0.00000000, 0.00000000, 0.00000000, 0.00000000, 0.00000000, 0.00000000, 0.22835101, 1.80124635, 4.86427574, 6.73859659, 8.22181978, 4.46352334, 4.51292109, 8.91102207, 9.41737162,10.09225031, 8.17705042, 5.90159591, 4.89981630, 4.95176392, 4.85131714, 4.03036100, 2.87992141, 1.10395437, 0.59624986, 0.40409151, 0.00000000, 0.00000000, 0.00000000
 0.00000000, 0.53376861, 0.52425442, 0.46175796, 0.42500208, 0.36143117, 0.32365701, 0.16719349, 0.35231757, 0.93648195, 0.87382575, 0.80396169, 0.66430084, 0.37220106, 0.00000000, 0.00000000, 0.00000000, 0.00000000, 0.00000000, 0.00000000, 0.00000000, 0.00000000, 0.00000000, 0.00000000, 0.00000000, 1.81969865, 7.20783948, 9.32260710, 7.22532831, 5.46935286, 7.56960075, 9.33720369, 8.30547512, 6.11449022, 4.85769158, 4.21395597, 3.51209110, 3.02906471, 3.44516833, 3.72078937, 3.25803082, 3.32987321, 3.79063441, 1.63965909, 0.00000000, 0.00000000, 0.00000000
 0.00000000, 0.33019405, 0.32616029, 0.29198391, 0.26741080, 0.25595898, 0.23269129, 0.10319346, 0.39121550, 0.75980506, 0.72883876, 0.66681254, 0.54207970, 0.29499252, 0.20247559, 0.20324186, 0.27954012, 0.30164497, 0.32512412, 0.31755874, 0.29637577, 0.29854443, 0.31530661, 0.13910901, 0.00000000, 0.00000000, 4.88255121, 9.85370028, 6.45432145, 5.06337141, 5.74007017, 5.75495144, 5.64553514, 4.45038154, 3.37345226, 2.77582417, 2.29409350, 1.74252337, 1.66894872, 1.89220457, 1.84694031, 2.28701717, 2.89184317, 2.09007460, 1.38444279, 0.00000000, 0.00000000
 0.00000000, 0.28918338, 0.29781474, 0.27682015, 0.24802527, 0.21979839, 0.18647355, 0.08310895, 0.20691113, 0.65606362, 0.71696730, 0.69714840, 0.55515057, 0.20465407, 0.13498724, 0.23755509, 0.40061374, 0.44717435, 0.50423504, 0.53665225, 0.55831742, 0.61510746, 0.47776350, 0.18358995, 0.00000000, 0.00000000, 4.74070583, 6.13783536, 4.58378551, 3.99470573, 4.14212123, 4.31305524, 4.15112894, 3.45367374, 2.74504349, 2.41362907, 1.97776903, 1.62477892, 1.63276089, 1.60711599, 1.55676314, 1.30384593, 1.34402916, 1.31598785, 1.05478636, 0.00000000, 0.00000000
 0.00000000, 0.28255685, 0.29233311, 0.25015137, 0.23196478, 0.20270212, 0.17084671, 0.08122730, 0.20187494, 0.65598630, 0.76930760, 0.77480591, 0.57477827, 0.26492074, 0.19361504, 0.20474479, 0.28767249, 0.40157480, 0.36307584, 0.38408514, 0.77837497, 1.12738378, 0.87129935, 0.29637972, 0.00000000, 0.00000000, 3.53551181, 4.19670008, 4.09676380, 3.56371370, 3.31975992, 3.76952481, 3.74397521, 3.61963671, 3.20363770, 2.50514213, 1.91549317, 1.49844535, 1.42458881, 1.33065183, 1.24711893, 1.16792080, 1.04829249, 1.04644141, 1.25836281, 0.00000000, 0.00000000
 0.00000000, 0.27602146, 0.28220306, 0.24347885, 0.21748656, 0.18620617, 0.19390974, 0.11868834, 0.23869965, 0.69973927, 0.73492399, 0.79146553, 0.61771744, 0.28865554, 0.00000000, 0.00000000, 0.22829523, 0.29614968, 0.42170315, 0.63610294, 0.90228877, 1.13812502, 1.27709696, 0.74966466, 0.79747697, 4.64677724, 5.45259984, 3.92572478, 4.11341255, 4.07265810, 3.52304658, 3.28960855, 3.53203691, 3.84318343, 3.34223428, 2.48274581, 1.93177063, 1.42292069, 1.26205754, 1.26697233, 1.24692556, 1.06496583, 0.80620864, 0.87953904, 1.07083190, 0.00000000, 0.00000000
 0.00000000, 0.28125468, 0.28125335, 0.23850186, 0.20678599, 0.17142841, 0.17180904, 0.10245961, 0.36422810, 0.73188389, 0.78264714, 0.90369849, 0.71070163, 0.31892323, 0.00000000, 0.00000000, 0.19297364, 0.20377912, 0.24464275, 0.36837214, 0.55138628, 0.79012507, 1.09521026, 1.07905340, 1.78884639, 3.77019205, 4.41024473, 4.64417659, 5.32232678, 5.77310280, 4.63742480, 4.18963083, 5.24305622, 4.98843194, 5.53871345, 4.38425757, 2.84110860, 2.11605420, 1.41939679, 1.46402074, 1.43534809, 1.21694652, 1.09924312, 1.12191622, 1.01158312, 0.00000000, 0.00000000
 0.00000000, 0.29454481, 0.27251738, 0.20110537, 0.17980282, 0.16937587, 0.13667189, 0.05428029, 0.42066023, 0.88659357, 0.97877483, 1.13235165, 0.85859612, 0.36741223, 0.23191125, 0.26066726, 0.44214844, 0.50891768, 0.48784125, 0.44457348, 0.42793916, 0.48404366, 0.65099975, 0.89661902, 2.68582451, 4.87570077, 5.78831293, 6.47322303, 7.46614280, 8.39676018, 6.05095868, 5.18666180, 7.40777876, 6.41701972, 5.96883799, 5.65105579, 3.11638087, 1.71140951, 1.46618350, 1.39895735, 1.36400551, 1.23358085, 0.92386852, 0.87836642, 1.02366255, 0.00000000, 0.00000000
 0.00000000, 0.33505377, 0.37317973, 0.32377642, 0.27902450, 0.24402259, 0.17977968, 0.13581455, 0.45653512, 1.03052809, 1.18173378, 1.35117652, 1.08115444, 0.34629210, 0.22608530, 0.44268357, 0.81824688, 0.91128230, 0.87231685, 0.79826010, 0.72793446, 0.67195065, 0.46640324, 0.31052352, 1.51198109, 4.45364045, 5.55709805, 6.03187946, 6.76588084, 7.54593915, 8.53330014,11.35534280,15.52487433,14.69097827,11.42471666, 6.53718478, 2.93772368, 1.83195677, 1.63164557, 1.64503346, 1.64756272, 1.52262336, 1.39548578, 1.39444800, 1.29792314, 0.00000000, 0.00000000
 0.00000000, 0.38515669, 0.41731548, 0.36183163, 0.29014592, 0.22933560, 0.25824767, 0.30228842, 0.50299970, 1.23814451, 1.50291680, 1.68690683, 1.36906781, 0.61659518, 0.42408502, 0.61350491, 1.11515663, 1.29281698, 1.26087557, 1.21091329, 1.14582606, 1.04881306, 0.45915435, 0.18578857, 1.38312917, 3.75399767, 4.83901162, 5.20837988, 5.55696952, 6.57490307, 8.50391069,10.88301878,13.59413216,15.13252123,13.10628361,12.48719881, 6.41521741, 2.23484165, 2.31961463, 1.92359019, 1.80030969, 1.36108121, 1.26994970, 1.43421722, 1.33335777, 0.00000000, 0.00000000
 0.00000000, 0.39004482, 0.47378407, 0.47619126, 0.46403235, 0.40382421, 0.39242146, 0.31755772, 0.69193824, 1.53398007, 1.87443868, 2.27799186, 2.50503018, 2.48562339, 1.24282765, 0.92600712, 1.15349463, 1.10468687, 1.04000492, 0.99519372, 0.98398494, 0.93276903, 0.43779557, 0.00000000, 1.04645774, 4.56749970, 5.88459286, 6.92218304, 8.15403801, 8.36535622, 7.94790127, 8.25291313,10.60822131,12.95696474,13.17994819,16.45987325,15.17461100, 0.00000000, 1.86722372, 2.14413702, 2.24066560, 2.15324704, 1.66883385, 1.58514383, 1.67492627, 0.00000000, 0.00000000
 0.00000000, 0.53624182, 0.62488069, 0.59063276, 0.48337840, 0.43323762, 0.48596909, 0.36591494, 0.83243793, 2.01180453, 2.57452626, 2.94998397, 3.20806580, 2.25362728, 0.99870899, 1.00202832, 1.06638442, 1.22650888, 1.07591543, 1.06444591, 1.03297625, 0.99488932, 0.49371060, 0.00000000, 1.31720746, 5.89162018, 9.73213469,12.16799424,12.19046941, 9.40747179, 7.21709188, 6.69001976, 6.77423729, 9.74974187,12.74623780,14.99002190, 8.67119473, 0.00000000, 3.19954548, 3.42896440, 2.69272091, 2.32891007, 2.34769113, 2.48112730, 2.46022516, 0.00000000, 0.00000000
 0.00000000, 0.72595036, 0.78827794, 0.77439464, 0.78933405, 0.68074672, 0.68440632, 0.75784808, 1.82998754, 3.69075879, 4.33920624, 4.16586588, 4.16658623, 2.78931258, 0.00000000, 1.10801034, 1.03922648, 1.07216140, 1.04344373, 1.01066379, 1.00524556, 0.97703566, 0.94663365, 0.34469696, 1.42612628, 9.30285319,16.69377320,17.52741811,12.10190190,10.89401117,12.25920216,11.48726713,13.04982395,13.20509473,12.63891124,13.23866347,15.41816558, 9.54602857, 3.52912890, 5.19106504, 4.49246496, 3.68210784, 3.34672112, 3.65648861, 3.59214533, 0.00000000, 0.00000000
 0.00000000, 0.69011793, 0.96943905, 0.90166125, 0.76857917, 0.66168539, 0.52334074, 0.44995524, 1.88278291, 5.34246428, 6.69821616, 7.01440888, 5.33526324, 3.24249870, 0.00000000, 1.01909234, 1.29739673, 1.28454635, 1.34204643, 1.37947105, 1.34447931, 1.32468311, 1.29561837, 0.69887483, 1.95604644,12.02063282,22.41200084,24.13011012,22.30577595,20.55046426,18.71705175,11.88116889, 7.18593748, 7.08258595, 7.65718587,10.02031877,13.58007317,12.86742652, 1.52765319, 6.51080647, 5.88312111, 4.89003166, 5.60515146, 3.62613680, 2.52191405, 0.00000000, 0.00000000
 0.00000000, 1.56937160, 1.85703423, 1.75831791, 1.67012300, 1.39442444, 1.39133675, 1.12394234, 2.86479671, 8.91507706,13.03770962,15.03701462,15.40029545, 9.23891252, 0.00000000, 1.64691140, 1.23172373, 1.25605684, 1.18914004, 1.19196168, 1.20103782, 1.15172377, 0.83974716, 0.33860644, 0.00000000, 5.79328611,15.03278556,13.88749022,14.45697902,12.56036257, 7.71407474, 5.02656836, 6.90056520, 8.08840815, 6.57742096, 7.63094281,10.32280675,12.40521455,17.02253569,21.66906518,19.75409846,14.43277718,10.33542749, 8.80019544, 7.08704270, 0.00000000, 0.00000000
 0.00000000, 1.75214236, 2.21390457, 2.22841164, 2.10832543, 1.89649499, 1.85354811, 1.02323566, 2.31614305,10.66700893,18.01476894,24.31625666,26.20424831, 0.00000000, 0.00000000, 1.51779900, 1.46832065, 2.10564296, 2.01426932, 1.85850012, 1.67529497, 1.64991017, 1.09957342, 0.00000000, 0.00000000, 7.20863351,15.09425710, 8.69455789, 7.10082709, 8.19600950, 6.69256370, 6.12847183, 8.47673902, 9.80352072, 8.54544465, 9.21478454,11.56554717,12.76131236,19.12186401,26.02038602,25.19624076,14.18036250, 8.97784698, 9.92124899, 8.34674321, 0.00000000, 0.00000000
 0.00000000, 2.36215630, 4.26588615, 4.41789239, 3.90999313, 3.57520619, 3.19821742, 1.02120742, 0.00000000, 6.56112231,17.49291068,18.06248029,20.67198920,14.45677311, 0.00000000, 4.37013391, 2.26224728, 2.25967019, 2.16859288, 2.12042223, 2.07174146, 1.98102000, 1.91232272, 0.00000000, 0.00000000, 6.35876729,10.32591154, 8.78429109, 8.65227497, 8.04002838, 5.90612114, 4.88786297, 5.55982059, 6.15440179, 6.46381136, 5.96418005, 5.45073495, 7.00024745,11.86661672,16.08661371,16.97677610,18.98605022,18.11248355,14.29991670,12.95973054, 0.00000000, 0.00000000
 0.00000000, 4.89046744, 6.16958954, 6.55524779, 4.96671180, 4.70320680, 5.89190156, 6.01111885, 0.00000000,16.62722020,19.85246966,16.97702466,16.95605180, 8.22696661, 0.00000000, 1.70463415, 2.26001058, 3.05879589, 3.08419343, 3.09799221, 3.03095289, 2.95040982, 3.06007410, 0.00000000, 0.00000000, 0.00000000, 9.13783932, 6.49515096, 6.49380892, 6.56691614, 6.59594581, 7.15761478, 7.04150124, 7.59724799, 8.06843560, 7.39529083, 8.48973797,10.57803608,12.63547079,15.03226810,19.34701510,19.60907615,20.45553981,25.68636786, 0.00000000, 0.00000000, 0.00000000
 0.00000000, 6.37060468, 5.18195687, 4.29752213, 4.69108166, 5.65332214, 6.05055674, 6.44677852, 7.43099490,13.64062350,20.94392095,23.33482087,23.07663669,22.95598330, 9.77675483, 3.15703196, 2.69036844, 4.82103901, 5.12809251, 5.10491960, 5.07581745, 5.11214413, 5.15623157, 2.69495983, 0.00000000, 6.53165899,12.09315885,10.86344104, 9.91647659, 9.76307218, 9.62736290, 7.94442708, 6.20946207, 7.13623922, 7.08743789, 5.46703563, 7.52525475,10.63517100,11.50049285,10.45760151, 8.81245295,11.53840337,16.45205999,20.65232957,20.61943348, 0.00000000, 0.00000000
 0.00000000, 6.07160794, 6.65869380, 5.35400139, 4.74544761, 5.53807529, 6.34302450, 6.30737785, 0.00000000, 9.67062680,16.30437869,13.91205689,14.38655406,15.08489886, 0.00000000, 3.47291807, 3.97540428, 4.47874953, 4.52981331, 4.62052195, 4.77930480, 4.83360825, 4.85690004, 2.54761141, 0.00000000, 2.31605054, 7.10731310, 8.93019857, 7.73227888, 6.47497363, 4.65560891, 4.42959361, 5.27791763, 5.96437353, 6.13987741, 5.71630254, 4.66379589, 4.16011662, 4.62227972, 5.02366050, 5.69087105, 7.91498390, 9.28809003, 9.67905834,10.20924870, 0.00000000, 0.00000000
 0.00000000,16.17561955,16.60715770,14.37425339,15.58187828,15.88022838,14.02686915, 0.00000000, 0.00000000, 7.36872872, 9.91445843, 8.74634350, 9.17923590, 4.64779451, 0.97703893, 3.15368039, 6.19602251, 8.01116461, 7.65117380, 7.25294493, 7.07601472, 7.22907701, 7.72953205, 0.00000000, 0.00000000, 0.00000000, 8.64042126, 7.26684655, 7.27855051, 6.76811479, 5.98795079, 8.05665113, 7.77248595, 5.55343882, 9.22348316,12.56516591,10.88602138, 9.66353809, 9.19415889,10.16024099,11.30599162,11.72621090,13.88525975,15.94371603, 0.00000000, 0.00000000, 0.00000000
 0.00000000,11.31228408,14.13455617,14.42691524,14.13118966,13.18399273,11.59511651,11.72294225,13.71275522,14.38973555,15.14545901,13.56230712,13.49378443,13.80575481, 0.00000000, 7.11797530,11.37605554,14.28343295,14.62512997,14.14820793,13.47017995,13.32692396,13.84110787,15.07862418,18.98947874,15.01076659,19.89557972,15.03818505,13.24405483,13.34801817,13.60785689,13.62146939,13.65652034,12.86893896,12.65047009,11.86243756,11.88018272,12.39002601,12.33687515,12.58510803,10.47407615, 8.92513651,10.97913319,15.89001096, 0.00000000, 0.00000000, 0.00000000
 0.00000000, 8.98238432, 7.95409509, 6.94014636, 6.63561676, 6.03192308, 6.26147399, 6.92999492, 5.85608505, 8.77950726,10.59034591,10.54246391,10.61103584,10.87597230,11.57493244,13.15714988,13.63178811,12.89083895,12.92745624,12.96837558,12.93384959,13.27915570,11.83925653, 7.38262399, 4.52950047, 8.43599292,12.98417867,14.36218477,12.56632055,11.58939206, 8.39252822, 7.09037893, 7.82536445, 7.82773343, 8.10611146, 7.00955062, 6.04155076, 6.24224753, 7.12289889, 8.26340194, 8.07918870, 7.51946925, 6.97330901, 7.32999748, 8.81503980, 0.00000000, 0.00000000
 0.00000000,13.87091732,16.99556443,15.44372620,12.84464163,10.82391959, 9.75133937, 7.67237756, 6.22979142, 5.86472189, 5.15498256, 5.20231022, 5.13378911, 4.48195633, 3.38629441, 3.86933014, 4.67705107, 3.95663786, 4.30031047, 4.28616528, 4.23521529, 4.54376767, 6.34185083, 4.23698086, 4.80953986, 8.28871701, 7.06037192, 5.03904561, 4.57849368, 4.47120184, 5.28631075, 8.29516639,10.94095165,12.04849065,12.21511317,11.80588073,11.15457019,11.16127360,11.71860303,12.23181563,12.95700418,13.82119285,14.04855957,12.91853010,11.95662111, 0.00000000, 0.00000000
 0.00000000,17.55865039,26.82402303,27.92593146,26.77743283,24.83579953,22.33415619,20.72684243,20.60203899,22.62109810,23.37696028,15.83797591, 8.98940468, 8.75590986,16.36762141, 5.61128805, 5.12590651,15.37733793,15.71495762,15.62862743,15.31820831,15.53694309,16.47589530, 7.05513007, 8.67412382,28.11862955,27.62369880, 8.40084684, 7.28349448, 7.43715425, 7.57150780,14.51941515,23.08905145,24.59060582,25.23211508,25.37148325,25.00695908,24.89863155,24.97257871,24.38570556,24.76404499,27.09531896,27.50791986,25.26553818,24.17632395, 0.00000000, 0.00000000
 0.00000000,14.46001601,21.78950490,24.50724153,24.48958671,23.92456504,24.71287000,25.88935513,27.06235335,29.37340227,32.51412290,28.87365008,18.26625040,13.06149085,31.46510810, 9.82620971, 8.81976867,25.95551642,27.54356669,28.46906792,29.06847946,29.29136038,29.79653988,11.73038137,13.18142182,42.16065457,45.58686708,15.17859634,13.36527704,12.71812612,12.61294667,21.63084565,31.21656220,32.15885272,32.17336570,31.56580075,30.53637493,29.28003284,28.56689322,28.27222270,27.67501740,25.94157494,24.56889936,25.16563338,25.42885357, 0.00000000, 0.00000000
 0.00000000, 9.17816727,10.39248865, 9.84551267,10.53562582,11.68477246,12.40170084,13.18821501,11.71100532, 8.54223765, 8.06896273, 9.09393435, 8.83010749, 8.67149750,22.84432858, 8.57212124, 8.42276645,22.17710087,22.48854250,22.82267441,23.56341070,24.60626087,25.41247188, 9.79219560, 9.53696187,29.10106334,37.45937641,13.28565321,11.33720944,10.20407521, 9.39529042,10.69154685,14.52443406,16.21712431,15.76287647,16.00130843,16.21240259,15.71540440,14.63575199,13.07259846,11.91527553,11.31692363,11.06450807,11.18086062,11.21268117, 0.00000000, 0.00000000
 0.00000000, 5.84818765, 6.68697853, 5.85177060, 5.61790288, 5.27345385, 5.35573514, 4.96916163, 4.25570468, 4.72548725, 6.09046202, 6.19773843, 5.28257183, 4.63385032, 9.11780857, 4.49176369, 4.36318928, 9.12459259, 9.71815042, 9.93832969,10.51751263,10.85647838,10.64278456, 5.00165139, 3.86488713, 9.56267811,17.90913164, 6.75904843, 5.79957400, 5.93306085, 5.98145140, 6.50781932, 6.80261078, 6.66923131, 6.74402798, 6.91188855, 6.51363869, 6.20058019, 6.24413001, 6.07251479, 5.94819091, 6.21751804, 6.12156361, 5.69097571, 5.25371283, 0.00000000, 0.00000000
 0.00000000,10.75345124,13.86053318,13.84416432,12.80977774,11.30486497,10.23368890, 9.31248428, 9.08782566,10.27679202,12.05798598,11.58768086,11.82999303, 9.21528332, 5.07413596, 5.70874597, 6.87656968, 7.71204139, 7.86802709, 8.08992088, 7.99387856, 7.87012663, 8.20910397, 8.58605089, 3.86884332, 3.68093508,14.41521913,12.90591507,10.30847398,11.07096086,11.90227907,12.21597226,12.91421943,13.89177186,13.97524073,13.49572215,12.97108768,12.66991165,13.20313364,13.08360283,12.35312635,12.74400581,12.58651858,11.36557447,10.03946115, 0.00000000, 0.00000000
 0.00000000,12.84132055,24.20108247,27.79317859,26.27450798,24.81081461,23.57804830,22.05011647,17.87788868,17.62459705,23.72033371,28.72845275,25.77545482,24.66853884,24.58958401,18.20529080,14.93037145,15.75823995,16.76369192,17.37831939,17.48617095,17.30934487,17.74814268,18.59470702,19.85673781,26.34005467,34.19052540,33.27927224,27.69562460,25.22033015,26.05983575,26.98063276,27.76209294,29.10034138,29.51000222,29.03146847,28.68684692,28.49388917,28.96149709,29.25818262,28.92682411,29.14285769,28.20258299,25.16488091,22.28674475, 0.00000000, 0.00000000
 0.00000000, 8.64406642,19.02246105,27.01494511,29.88593439,29.82809215,29.07530083,27.88947466,24.77950759,21.57715195,23.76365879,33.17074081,40.04955727,40.76061928,37.39695273,31.62641260,28.98550961,28.94666531,29.33928097,29.62867516,29.67180024,29.63423304,29.80614333,30.27432868,31.29423548,37.98128200,48.07648723,50.86948761,47.04618419,43.42460002,42.04155739,40.49286219,39.19731500,39.62691732,39.90827599,39.50912332,38.85328077,37.93325915,36.57784571,34.71481608,32.74649051,31.06034684,29.83507724,28.90299060,27.87348442, 0.00000000, 0.00000000
