 0.000000000, 0.000000000, 0.000000000, 0.000000000, 0.000000000, 0.000000000, 0.000000000, 0.000000000, 0.000000000, 0.000000000, 0.000000000, 0.000000000, 0.000000000, 0.000000000, 0.000000000, 0.000000000, 0.000000000, 0.000000000, 0.000000000, 0.000000000, 0.000000000, 0.000000000, 0.000000000, 0.000000000, 0.000000000, 0.000000000, 0.000000000, 0.000000000, 0.000000000, 0.000000000, 0.000000000, 0.000000000, 0.000000000, 0.000000000, 0.000000000, 0.000000000, 0.000000000, 0.000000000, 0.000000000, 0.000000000, 0.000000000
 0.000000000, 0.000000000, 0.000000000, 0.000000000, 0.000000000, 0.000000000, 0.000000000, 0.000000000, 0.000000000, 0.000000000, 0.000000000, 0.000000000, 0.000000000, 0.000000000, 0.000000000, 0.000000000, 0.000000000, 0.000000000, 0.000000000, 0.000000000, 0.000000000, 0.000000000, 0.000000000, 0.000000000, 0.000000000, 0.000000000, 0.000000000, 0.000000000, 0.000000000, 0.000000000, 0.000000000, 0.000000000, 0.000000000, 0.000000000, 0.000000000, 0.000000000, 0.000000000, 0.000000000, 0.000000000, 0.000000000, 0.000000000
 0.000000000, 0.000000000, 0.000000000, 0.000000000, 0.000000000, 0.000000000, 0.000000000, 0.000000000, 0.000000000, 0.000000000, 0.000000000, 0.000000000, 0.000000000, 0.000000000, 0.000000000, 0.000000000, 0.000000000, 0.007172972, 0.011668386, 0.000000000, 0.000000000, 0.000000000, 0.000000000, 0.000000000, 0.000000000, 0.000000000, 0.000000000, 0.000000000, 0.000000000, 0.000000000, 0.000000000, 0.000000000, 0.000000000, 0.000000000, 0.000000000, 0.000000000, 0.000000000, 0.000000000, 0.000000000, 0.000000000, 0.000000000
 0.000000000, 0.000000000, 0.000000000, 0.000000000, 0.000000000, 0.000000000, 0.000000000, 0.000000000, 0.000000000, 0.000000000, 0.000000000, 0.000000000, 0.000000000, 0.000000000, 0.000000000, 0.000000000, 0.000000000, 0.000000000, 0.000000000, 0.000000000, 0.000000000, 0.000000000, 0.000000000, 0.000000000, 0.000000000, 0.000000000, 0.000000000, 0.000000000, 0.000000000, 0.000000000, 0.000000000, 0.000000000, 0.000000000, 0.000000000, 0.000000000, 0.000000000, 0.000000000, 0.000000000, 0.000000000, 0.000000000, 0.000000000
 0.000000000, 0.000000000, 0.000000000, 0.000000000, 0.000000000, 0.000000000, 0.000000000, 0.000000000, 0.000000000, 0.000000000, 0.000000000, 0.000000000, 0.000000000, 0.000000000, 0.000000000, 0.000000000, 0.000000000, 0.000000000, 0.000000000, 0.000000000, 0.000000000, 0.000000000, 0.000000000, 0.000000000, 0.000000000, 0.000000000, 0.000000000, 0.000000000, 0.000000000, 0.000000000, 0.000000000, 0.000000000, 0.000000000, 0.000000000, 0.000000000, 0.000000000, 0.000000000, 0.000000000, 0.000000000, 0.000000000, 0.000000000
 0.000000000, 0.000000000, 0.000000000, 0.000000000, 0.000000000, 0.000000000, 0.000000000, 0.000000000, 0.000000000, 0.000000000, 0.000000000, 0.000000000, 0.000000000, 0.000000000, 0.000000000, 0.000000000, 0.000000000, 0.000000000, 0.000000000, 0.000000000, 0.000000000, 0.000000000, 0.000000000, 0.000000000, 0.000000000, 0.000000000, 0.000000000, 0.000000000, 0.000000000, 0.000000000, 0.000000000, 0.000000000, 0.000000000, 0.000000000, 0.000000000, 0.000000000, 0.000000000, 0.000000000, 0.000000000, 0.000000000, 0.000000000
 0.000000000, 0.000000000, 0.000000000, 0.000000000, 0.000000000, 0.000000000, 0.000000000, 0.000000000, 0.000000000, 0.000000000, 0.000000000, 0.000000000, 0.000000000, 0.000000000, 0.000000000, 0.000000000, 0.000000000, 0.000000000, 0.000000000, 0.000000000, 0.000000000, 0.189102697, 0.213435411, 0.224403581, 0.301827617, 0.350995739, 0.320257249, 0.276127167, 0.229328415, 0.245973315, 0.213078773, 0.000000000, 0.170686912, 0.267708709, 0.295861614, 0.231352658, 0.000000000, 0.000000000, 0.000000000, 0.000000000, 0.000000000
 0.000000000, 0.000000000, 0.000000000, 0.000000000, 0.000000000, 0.000000000, 0.000000000, 0.000000000, 0.000000000, 0.000000000, 0.000000000, 0.000000000, 0.000000000, 0.000000000, 0.000000000, 0.000000000, 0.000000000, 0.000000000, 0.000000000, 0.000000000, 0.000000000, 0.161830723, 0.137828498, 0.199459747, 0.418758768, 0.560725399, 0.550339308, 0.480908483, 0.386067674, 0.274596409, 0.159121911, 0.097890056, 0.000000000, 0.000000000, 0.000000000, 0.000000000, 0.000000000, 0.000000000, 0.000000000, 0.000000000, 0.000000000
 0.000000000, 0.000000000, 0.000000000, 0.000000000, 0.000000000, 0.000000000, 0.000000000, 0.000000000, 0.000000000, 0.000000000, 0.000000000, 0.000000000, 0.000000000, 0.000000000, 0.000000000, 0.000000000, 0.000000000, 0.000000000, 0.000000000, 0.000000000, 0.000000000, 0.111989996, 0.158436171, 0.136476123, 0.411668812, 0.531032538, 0.532945231, 0.479768462, 0.399962941, 0.233454065, 0.075311090, 0.000000000, 0.000000000, 0.000000000, 0.000000000, 0.000000000, 0.000000000, 0.000000000, 0.000000000, 0.000000000, 0.000000000
 0.000000000, 0.000000000, 0.000000000, 0.000000000, 0.000000000, 0.000000000, 0.000000000, 0.000000000, 0.000000000, 0.000000000, 0.000000000, 0.000000000, 0.000000000, 0.000000000, 0.000000000, 0.000000000, 0.000000000, 0.000000000, 0.000000000, 0.000000000, 0.000000000, 0.000000000, 0.000000000, 0.265613432, 0.320103755, 0.322860710, 0.297531354, 0.000000000, 0.000000000, 0.000000000, 0.000000000, 0.000000000, 0.000000000, 0.000000000, 0.000000000, 0.000000000, 0.000000000, 0.000000000, 0.000000000, 0.000000000, 0.000000000
 0.000000000, 0.000000000, 0.000000000, 0.000000000, 0.000000000, 0.000000000, 0.000000000, 0.000000000, 0.000000000, 0.000000000, 0.000000000, 0.000000000, 0.000000000, 0.000000000, 0.000000000, 0.000000000, 0.000000000, 0.050525836, 0.167936449, 0.233916107, 0.222825196, 0.271904955, 0.344506093, 0.397627459, 0.420454960, 0.401262092, 0.338699132, 0.308373767, 0.000000000, 0.000000000, 0.000000000, 0.000000000, 0.000000000, 0.000000000, 0.000000000, 0.000000000, 0.000000000, 0.000000000, 0.000000000, 0.000000000, 0.000000000
 0.000000000, 0.000000000, 0.000000000, 0.000000000, 0.000000000, 0.000000000, 0.000000000, 0.000000000, 0.000000000, 0.000000000, 0.000000000, 0.000000000, 0.000000000, 0.000000000, 0.000000000, 0.000000000, 0.000000000, 0.072927506, 0.354418757, 0.486242055, 0.425565252, 0.515055850, 0.678726935, 0.827008557, 0.927894514, 0.889831282, 0.728423701, 0.565941601, 0.377261475, 0.278045774, 0.272605827, 0.185966584, 0.000000000, 0.000000000, 0.121094956, 0.197697284, 0.175807452, 0.077100816, 0.000000000, 0.000000000, 0.000000000
 0.000000000, 0.000000000, 0.000000000, 0.000000000, 0.000000000, 0.000000000, 0.000000000, 0.000000000, 0.000000000, 0.000000000, 0.000000000, 0.000000000, 0.000000000, 0.000000000, 0.000000000, 0.000000000, 0.000000000, 0.096354491, 0.451076754, 0.699930693, 0.736294365, 0.974982413, 1.229956498, 1.376598451, 1.610819988, 1.628903369, 1.422417864, 1.076298458, 0.503936592, 0.359861845, 0.362984353, 0.154655721, 0.000000000, 0.000000000, 0.208487429, 0.245582806, 0.194102418, 0.102602424, 0.000000000, 0.000000000, 0.000000000
 0.000000000, 0.000000000, 0.000000000, 0.000000000, 0.000000000, 0.000000000, 0.000000000, 0.000000000, 0.000000000, 0.000000000, 0.000000000, 0.000000000, 0.000000000, 0.000000000, 0.000000000, 0.000000000, 0.088186296, 0.172048645, 0.415330459, 0.757732205, 0.896107583, 1.141320151, 1.342956030, 1.506381939, 1.868216165, 2.100222847, 1.878049596, 1.128974111, 0.466544600, 0.524499262, 0.710540786, 0.324751490, 0.103594512, 0.000000000, 0.000000000, 0.000000000, 0.000000000, 0.000000000, 0.000000000, 0.000000000, 0.000000000
 0.000000000, 0.000000000, 0.000000000, 0.000000000, 0.000000000, 0.000000000, 0.000000000, 0.000000000, 0.000000000, 0.000000000, 0.000000000, 0.000000000, 0.000000000, 0.000000000, 0.000000000, 0.000000000, 0.000000000, 0.062331867, 0.292665179, 0.565842749, 0.684119832, 0.793454144, 0.875434975, 1.049161781, 1.473403615, 1.680032539, 1.584610238, 1.333098622, 0.932461111, 0.863761747, 0.888112200, 0.593838102, 0.368268694, 0.252016734, 0.000000000, 0.000000000, 0.000000000, 0.000000000, 0.000000000, 0.000000000, 0.000000000
 0.000000000, 0.000000000, 0.000000000, 0.000000000, 0.000000000, 0.000000000, 0.000000000, 0.000000000, 0.000000000, 0.000000000, 0.000000000, 0.000000000, 0.000000000, 0.000000000, 0.000000000, 0.000000000, 0.000000000, 0.063535564, 0.203921742, 0.419107603, 0.507360297, 0.606776133, 0.728625745, 0.865286010, 1.011866478, 1.029350434, 0.922345753, 0.617607530, 0.540200280, 0.969195191, 1.136132887, 0.815040550, 0.570151801, 0.460490606, 0.382459447, 0.287255425, 0.000000000, 0.000000000, 0.000000000, 0.000000000, 0.000000000
 0.000000000, 0.000000000, 0.000000000, 0.000000000, 0.000000000, 0.000000000, 0.000000000, 0.000000000, 0.000000000, 0.000000000, 0.000000000, 0.000000000, 0.000000000, 0.000000000, 0.000000000, 0.000000000, 0.000000000, 0.051425708, 0.156685432, 0.290912426, 0.343179579, 0.481922563, 0.671279839, 0.800440239, 0.949606020, 1.066843674, 1.008553021, 0.778451067, 0.759230644, 1.071640958, 1.228452951, 1.031779611, 0.787431595, 0.639984656, 0.541388148, 0.393240508, 0.263064681, 0.000000000, 0.000000000, 0.000000000, 0.000000000
 0.000000000, 0.000000000, 0.000000000, 0.000000000, 0.000000000, 0.000000000, 0.000000000, 0.000000000, 0.000000000, 0.000000000, 0.000000000, 0.000000000, 0.000000000, 0.000000000, 0.000000000, 0.000000000, 0.000000000, 0.070019600, 0.106649661, 0.242828168, 0.438217739, 0.552664276, 0.701156207, 0.849251908, 1.058528714, 1.161077685, 1.077532046, 0.991142022, 1.001146332, 1.039631266, 1.023948661, 0.965653816, 0.907914938, 0.807201445, 0.661381431, 0.470132906, 0.224882511, 0.096972002, 0.000000000, 0.000000000, 0.000000000
 0.000000000, 0.000000000, 0.000000000, 0.000000000, 0.000000000, 0.000000000, 0.000000000, 0.000000000, 0.000000000, 0.000000000, 0.076639186, 0.119710358, 0.110498988, 0.098038326, 0.117462545, 0.130115691, 0.116060202, 0.125828671, 0.256887962, 0.520535650, 0.677686569, 0.782724668, 0.984316967, 1.173455793, 1.487812259, 1.611588155, 1.500829082, 1.405843093, 1.361811899, 1.394912371, 1.427370455, 1.337072716, 1.245297975, 1.110207574, 0.857314543, 0.569153053, 0.268385692, 0.116733698, 0.000000000, 0.000000000, 0.000000000
 0.000000000, 0.000000000, 0.000000000, 0.000000000, 0.000000000, 0.000000000, 0.000000000, 0.000000000, 0.000000000, 0.072495710, 0.179263051, 0.291942363, 0.237471730, 0.262890875, 0.289939430, 0.265645614, 0.252023083, 0.294561896, 0.535613284, 0.789903080, 0.801395871, 0.826691582, 1.008144045, 1.224818904, 1.908831044, 2.561865737, 2.667689543, 2.659450843, 2.597324553, 2.573877919, 2.563490499, 2.404010329, 2.191850815, 1.920252972, 1.319927959, 0.865110228, 0.473398874, 0.101636959, 0.000000000, 0.000000000, 0.000000000
 0.000000000, 0.000000000, 0.000000000, 0.000000000, 0.000000000, 0.000000000, 0.000000000, 0.000000000, 0.000000000, 0.091528183, 0.254504302, 0.307517296, 0.241930559, 0.351133794, 0.392527049, 0.393663868, 0.394331879, 0.334871783, 0.519721415, 0.732438786, 0.695369167, 0.808405554, 1.090669101, 1.364444995, 1.865284104, 2.387226539, 2.844185848, 3.433628183, 3.902741803, 4.052905994, 3.916282643, 3.431516771, 3.012723614, 2.635972076, 2.094847798, 1.456850230, 1.009385358, 0.352980094, 0.000000000, 0.000000000, 0.000000000
 0.000000000, 0.000000000, 0.000000000, 0.000000000, 0.000000000, 0.000000000, 0.000000000, 0.000000000, 0.000000000, 0.072743747, 0.199036833, 0.226218611, 0.172612075, 0.203624287, 0.242771809, 0.281676093, 0.283580859, 0.314530189, 0.410775514, 0.696453675, 1.272728341, 1.339067713, 1.253377009, 1.630851945, 1.859754836, 1.982130930, 2.200019547, 2.801486071, 3.526819376, 3.896538524, 3.243889005, 2.597809953, 2.412135480, 2.093080150, 1.961732298, 1.645046725, 1.077845553, 0.338079867, 0.000000000, 0.000000000, 0.000000000
 0.000000000, 0.000000000, 0.000000000, 0.000000000, 0.000000000, 0.000000000, 0.000000000, 0.000000000, 0.000000000, 0.059124938, 0.099076823, 0.125114035, 0.116781158, 0.135399781, 0.169526844, 0.149881134, 0.150828779, 0.235348470, 0.376932101, 0.712347886, 1.024399161, 1.071653498, 1.340581591, 1.733437394, 2.008882661, 2.296589609, 2.385808302, 2.458144959, 2.543873629, 2.511447899, 2.100497398, 1.598201718, 1.299518641, 1.113114512, 1.069910144, 0.976424225, 0.717305833, 0.244578987, 0.000000000, 0.000000000, 0.000000000
 0.000000000, 0.000000000, 0.000000000, 0.000000000, 0.000000000, 0.000000000, 0.000000000, 0.000000000, 0.000000000, 0.000000000, 0.000000000, 0.000000000, 0.000000000, 0.000000000, 0.000000000, 0.000000000, 0.051799624, 0.163863811, 0.486048566, 0.716218056, 0.724833894, 0.926888673, 1.245497715, 1.545083855, 1.721442353, 1.902054288, 1.901139593, 1.846654127, 1.807710319, 1.700008478, 1.387825632, 1.015205011, 0.766644426, 0.645487495, 0.624056194, 0.588754262, 0.466533167, 0.236427199, 0.000000000, 0.000000000, 0.000000000
 0.000000000, 0.000000000, 0.000000000, 0.000000000, 0.000000000, 0.000000000, 0.000000000, 0.000000000, 0.000000000, 0.000000000, 0.000000000, 0.000000000, 0.000000000, 0.000000000, 0.000000000, 0.000000000, 0.035903984, 0.177097251, 0.503322603, 0.867914459, 1.255887316, 1.364487723, 1.551205338, 1.739412174, 1.868111212, 1.966995549, 1.965247871, 1.965226931, 1.923709328, 1.822337637, 1.508800248, 1.127213592, 0.878876324, 0.728656448, 0.642724430, 0.560457255, 0.396497574, 0.275156868, 0.000000000, 0.000000000, 0.000000000
 0.000000000, 0.000000000, 0.000000000, 0.000000000, 0.000000000, 0.000000000, 0.000000000, 0.000000000, 0.000000000, 0.000000000, 0.000000000, 0.000000000, 0.000000000, 0.000000000, 0.000000000, 0.000000000, 0.039066967, 0.208977175, 0.784665927, 1.350869047, 1.647379718, 1.807885802, 1.986676486, 2.139466581, 2.249884539, 2.344628741, 2.330805971, 2.324115275, 2.296119091, 2.171436570, 1.817760903, 1.403964488, 1.106925732, 0.954059487, 0.869306668, 0.739430200, 0.495731880, 0.159065795, 0.000000000, 0.000000000, 0.000000000
 0.000000000, 0.000000000, 0.000000000, 0.000000000, 0.000000000, 0.000000000, 0.000000000, 0.000000000, 0.000000000, 0.000000000, 0.000000000, 0.000000000, 0.000000000, 0.000000000, 0.000000000, 0.000000000, 0.000000000, 0.317323521, 0.981990574, 1.364812093, 2.662610350, 2.874941231, 2.917849666, 2.960821936, 3.023319997, 3.190879642, 3.207618460, 3.282711483, 3.333186832, 3.113026483, 2.371277379, 1.756916065, 1.517899270, 1.350900844, 1.173420645, 0.950422985, 0.738427216, 0.285433553, 0.000000000, 0.000000000, 0.000000000
 0.000000000, 0.000000000, 0.000000000, 0.000000000, 0.000000000, 0.000000000, 0.000000000, 0.000000000, 0.000000000, 0.807537600, 0.156406311, 0.123466986, 0.117520132, 0.095574985, 0.094370043, 0.053041655, 0.000000000, 0.408357784, 2.014385819, 2.874578491, 4.559704096, 5.062889091, 5.103657686, 5.081572953, 5.169151423, 4.907837311, 4.422885194, 4.970222210, 5.932833122, 5.475949717, 3.678890948, 2.631846140, 2.467453532, 2.214438312, 1.774983143, 1.491076462, 0.807492251, 0.202393683, 0.000000000, 0.000000000, 0.000000000
 0.000000000, 0.000000000, 0.000000000, 0.000000000, 0.000000000, 0.000000000, 0.000000000, 0.000000000, 0.000000000, 0.935173038, 0.203471380, 0.165943649, 0.156208712, 0.169268538, 0.211084156, 0.120887710, 0.070805097, 0.972639200, 2.662318926, 3.085093720, 5.009581723, 5.640886520, 5.836564672, 6.677079527, 6.697392995, 5.863366602, 5.988766168, 8.518200765,10.600798909, 9.211564441, 6.209741032, 4.395068214, 3.925109607, 3.602377684, 3.203710832, 2.596392970, 1.608453259, 0.498361526, 0.000000000, 0.000000000, 0.000000000
 0.000000000, 0.000000000, 0.000000000, 0.000000000, 0.000000000, 0.000000000, 0.000000000, 0.000000000, 0.000000000, 0.000000000, 0.000000000, 0.000000000, 0.000000000, 0.128206959, 0.164813626, 0.136762863, 0.183148958, 0.966436772, 1.889396339, 3.936354228, 5.859229498, 7.486725396, 9.992924523, 9.584152169, 9.268958288,11.175690172,11.933085768,12.658606359,12.531003024,10.711535104, 7.406462840, 5.665973485, 5.539694899, 5.482793976, 5.093854649, 4.046865808, 4.064111193, 2.096439645, 0.000000000, 0.000000000, 0.000000000
 0.000000000, 0.000000000, 0.000000000, 0.000000000, 0.000000000, 0.000000000, 0.000000000, 0.000000000, 0.000000000, 0.000000000, 0.000000000, 0.000000000, 0.000000000, 0.000000000, 0.000000000, 0.000000000, 0.073798859, 0.524701635, 1.036443558, 2.047853558, 3.347568236, 4.748189895, 7.234960398, 9.215806131, 9.297664304, 9.801163363,11.378158713,11.466973229,10.113160582, 7.744093303, 5.602907920, 4.490107790, 4.255997983, 4.092421660, 3.766941482, 3.131855304, 3.391259161, 2.841429370, 0.430041953, 0.000000000, 0.000000000
 0.000000000, 0.026488721, 0.043266579, 0.053536790, 0.000000000, 0.113342548, 0.089146517, 0.055985528, 0.000000000, 0.000000000, 0.000000000, 0.000000000, 0.000000000, 0.000000000, 0.000000000, 0.000000000, 0.031144238, 0.228057550, 0.833792271, 1.738293649, 2.331293992, 3.053912824, 3.962328671, 4.553865782, 5.707165297, 6.842191546, 7.104249557, 6.753640837, 6.064590857, 4.778701582, 3.357232116, 2.492945330, 2.394302143, 2.339084689, 2.123526606, 1.986646650, 1.941586505, 2.224690967, 1.302514325, 0.000000000, 0.000000000
 0.000000000, 0.035248612, 0.045884556, 0.074323950, 0.138136145, 0.185793226, 0.189139456, 0.145574604, 0.000000000, 0.000000000, 0.000000000, 0.000000000, 0.000000000, 0.000000000, 0.000000000, 0.000000000, 0.024832801, 0.183057100, 0.721662084, 1.484819745, 1.950370599, 2.314679153, 2.563070587, 2.881840905, 4.078874810, 5.537149978, 5.729555529, 5.362658469, 4.945872142, 3.901813109, 2.699689228, 2.051300005, 1.696175476, 1.455298340, 1.363714774, 1.294779793, 1.080651352, 1.084554582, 0.732415362, 0.000000000, 0.000000000
 0.000000000, 0.040660800, 0.067433511, 0.093486272, 0.141176564, 0.195141629, 0.204370877, 0.108657884, 0.000000000, 0.000000000, 0.000000000, 0.000000000, 0.000000000, 0.000000000, 0.000000000, 0.000000000, 0.043597644, 0.304412384, 0.912190267, 1.631175807, 2.333302178, 2.974854880, 3.089485704, 3.233417033, 4.448094314, 5.123571071, 5.262113593, 5.062099634, 4.631871250, 3.757401501, 2.670957636, 2.002964152, 1.709209312, 1.525377632, 1.398798857, 1.280906926, 1.170438816, 1.111266295, 0.615179535, 0.000000000, 0.000000000
 0.000000000, 0.041390399, 0.069704701, 0.072750838, 0.058850471, 0.000000000, 0.122555318, 0.097999334, 0.063038119, 0.078338341, 0.143170009, 0.163035840, 0.184579042, 0.194011955, 0.175309556, 0.126694137, 0.067167877, 0.235066131, 0.892737492, 1.673785129, 2.608460233, 3.495813108, 3.673187311, 3.899851495, 5.300994217, 5.916596784, 5.614710795, 5.264539249, 4.822465050, 3.493611537, 2.306543469, 1.870847594, 1.546907080, 1.362594835, 1.210728439, 1.078112451, 0.863820314, 0.775797056, 0.619191103, 0.000000000, 0.000000000
 0.000000000, 0.053964408, 0.078437060, 0.075392517, 0.000000000, 0.000000000, 0.119514541, 0.053788546, 0.000000000, 0.093120657, 0.234356567, 0.282764294, 0.279189967, 0.287644045, 0.297272213, 0.186093181, 0.045551526, 0.106337797, 0.670038284, 1.941043739, 3.352978491, 4.545998020, 5.726370459, 5.889091791, 6.031442498, 6.555610956, 6.458153856, 6.245948396, 4.894802511, 3.293189197, 2.630146943, 2.086639952, 1.625916293, 1.368852276, 1.270898107, 1.114126974, 1.001847410, 0.981463493, 0.735973584, 0.000000000, 0.000000000
 0.000000000, 0.016643968, 0.056051871, 0.097843280, 0.104218458, 0.134305342, 0.223714897, 0.313690905, 0.437736873, 0.521059631, 0.472947250, 0.497534670, 0.537032460, 0.532551824, 0.516666538, 0.337698979, 0.093720682, 0.122700766, 0.964200134, 2.699372169, 3.808644139, 5.145206374, 6.258235588, 6.972508681, 6.476824972, 6.088283453, 7.229340446, 7.215961545, 5.755864199, 4.210876028, 3.804352996, 2.676782967, 1.859832110, 1.741733503, 1.558664306, 1.245122652, 1.069072494, 1.069254005, 0.711898839, 0.000000000, 0.000000000
 0.000000000, 0.050303171, 0.108041908, 0.169000108, 0.199930860, 0.253435634, 0.404345798, 0.565562190, 0.733261823, 0.866426478, 0.831961885, 0.807962238, 0.819208396, 0.845836893, 0.819597581, 0.607502140, 0.241920915, 0.160874184, 0.974918981, 2.829270316, 3.750954357, 4.641990830, 5.725612968, 5.954628054, 6.194093268,10.020394377,15.264346651,17.313192762,13.704450353, 5.345487385, 0.823230137, 2.419398852, 2.440145707, 1.817793502, 1.750660639, 1.536544904, 1.335638639, 1.232275601, 0.822494459, 0.000000000, 0.000000000
 0.000000000, 0.080662182, 0.206486797, 0.332119325, 0.428932184, 0.467183654, 0.530791727, 0.681359616, 0.896746737, 1.053732274, 1.041764787, 0.961245308, 0.932484355, 0.968453692, 0.904371409, 0.660689546, 0.252341566, 0.187420721, 1.190701782, 3.196077178, 3.959718500, 4.438354390, 3.965837138, 3.960697687, 6.250166144, 9.188649423,11.995295259,14.725868295,10.989467205,11.589437378, 8.392604227, 2.882850801, 2.799640271, 2.010833673, 2.060767249, 1.892763664, 1.647582033, 1.577310776, 1.169430440, 0.000000000, 0.000000000
 0.000000000, 0.103367442, 0.259108073, 0.368890921, 0.525513434, 0.757543461, 0.756499425, 0.744070174, 0.984300097, 1.099880424, 1.010636095, 1.109321398, 1.047061508, 0.860372432, 0.815443778, 1.084385880, 0.860317395, 0.325745245, 1.550694564, 4.321292084, 6.320793843, 7.537187367, 8.097500776, 8.917086752, 8.826899818, 7.772812881, 8.058643670,10.235795248,10.572060382,15.587055566,11.743148526, 0.000000000, 3.311529133, 2.844260099, 2.404168561, 2.174698989, 1.887230545, 1.766927142, 1.355566424, 0.000000000, 0.000000000
 0.000000000, 0.101868096, 0.238950308, 0.442434837, 0.504302068, 0.433400894, 0.558164333, 0.749599049, 1.062576397, 1.205775849, 0.909534928, 0.687750563, 0.640847040, 0.735166277, 0.840971528, 0.816631404, 0.379935150, 0.000000000, 1.142035851, 6.260626267,11.105427088,12.364028387,11.409998001,13.574173836,15.113454816,13.214720384,10.847536982, 9.583134921,10.844372742,15.767241357,14.652756088, 0.000000000, 1.819735113, 2.810409586, 3.039446335, 2.757371192, 2.427236311, 2.319514756, 1.803973619, 0.000000000, 0.000000000
 0.000000000, 0.138305418, 0.218031158, 0.429344480, 0.751236262, 0.743198031, 0.704272017, 0.827749850, 1.301967896, 1.604210649, 1.032284953, 0.716063231, 0.690210547, 0.621222686, 0.570377554, 0.626559092, 0.363335180, 0.681236110, 1.759807099, 7.390339274,14.588826631,14.719921729,17.061277642,20.235596953,20.389424687,18.730935350,15.631784467,13.482197893,15.281168897,20.008551405,24.374764788, 6.534341456, 2.432802434, 4.631451762, 3.959125413, 3.016189278, 2.944034856, 2.935562202, 2.208362243, 0.000000000, 0.000000000
 0.000000000, 0.242797386, 0.313176202, 0.355446129, 0.402721956, 0.609629003, 0.836224463, 0.931021744, 0.000000000, 0.996913918, 0.831535196, 0.623663587, 0.561711866, 0.506629188, 0.500473189, 0.552341073, 0.424029777, 0.384955473, 1.379583909, 9.058809291,12.290493517,12.022919166,13.453295991,13.725394022,13.859638594,11.010084278,10.564042311,11.666219216,10.198275833,12.741837849,17.758806849, 4.960455748, 9.577994063,13.872425597,10.478770795, 8.735901266, 6.382985821, 4.801492572, 2.136724323, 0.000000000, 0.000000000
 0.000000000, 0.176112673, 0.295311945, 0.543515007, 0.730833028, 0.704831851, 0.715008275, 0.785669156, 0.000000000, 0.000000000, 0.792585402, 0.722880399, 0.630294901, 0.568985639, 0.535603053, 0.785349769, 0.699436125, 0.647989343, 0.000000000,20.886825669,23.430933254,15.565757817,13.335014251,13.309130170,11.612494281,10.334488161,10.466913944,11.958272448,11.425681760,13.077910058,16.666964675,19.971196839,24.918815709,23.811783486,18.690484488,14.810729737,10.829094396, 8.188572368, 4.295765722, 0.000000000, 0.000000000
 0.000000000, 0.000000000, 0.000000000, 0.331271288, 0.648721314, 0.771974678, 0.948106216, 1.073673863, 0.000000000, 0.000000000, 0.694128516, 0.833972121, 0.892821470, 1.010037918, 1.006837149, 1.079361746, 0.694303848, 0.000000000, 0.939675088, 5.158437276, 9.652755759,11.852666721,12.010400783,11.971871589,10.822925553, 9.331122041,11.602366756,13.799979413,12.522759849,11.155479734,13.376512261,18.374441900,24.710574984, 6.282270050,11.166062716, 9.222987332,10.502875907,11.208253320, 5.665009585, 0.000000000, 0.000000000
 0.000000000, 0.539317526, 0.934906097, 0.987665974, 0.800867339, 0.795065144, 0.886919462, 1.083113837, 0.000000000, 0.000000000, 0.719838615, 0.764437199, 0.738074437, 0.917910443, 1.200084470, 1.252923205, 0.000000000, 0.000000000, 0.000000000, 2.549479528, 8.063659053, 9.535707110, 9.081650704, 8.642861570, 8.146410706, 8.274150082, 8.800897412, 8.580285387, 8.267548155, 6.633165567, 7.768777232,11.407399339,15.515462544,16.760234203,19.376664672,25.747670280,24.970346970, 0.000000000, 0.000000000, 0.000000000, 0.000000000
 0.000000000, 0.319398978, 0.710151342, 0.977967985, 1.009374553, 1.226893051, 1.544451982, 1.907642977, 3.002295480, 0.000000000, 1.025618745, 1.492571893, 1.760477563, 1.650517297, 1.829711810, 2.271154910, 1.381983957, 0.000000000, 0.000000000, 9.087143120,15.087443671,12.858855288,11.932785483,12.439293058,12.420604999,12.272851776,12.677816191,12.492740211,10.041460655, 9.958174583,13.237401195,15.738838264,16.556095522,18.708087258,21.092710858,23.828266272,28.108345593, 0.000000000, 0.000000000, 0.000000000, 0.000000000
 0.000000000, 0.338322856, 0.961084158, 1.391754990, 1.396902089, 1.722367659, 2.168283392, 2.662394123, 0.000000000, 0.000000000, 1.683373642, 2.581497224, 2.486555693, 2.403102878, 2.642695902, 3.190828909, 3.610980407, 4.696575239, 9.654678004,16.562266287,14.872044826,12.700745113,11.791452970,11.024188154, 9.619130853, 9.309783110, 9.903348444,10.488560449,10.633116087, 8.884829274, 8.391921276, 7.706028814, 6.609973578, 9.319670803,13.785726567,16.213002930,19.395284416,23.248508442, 0.000000000, 0.000000000, 0.000000000
 0.000000000, 0.000000000, 0.000000000, 4.371673007, 4.508347135, 4.023156126, 3.642900680, 3.636692308, 0.000000000, 0.000000000, 4.395285741, 5.347901577, 5.466913792, 5.887105210, 5.897086430, 6.123903786, 6.462870828, 4.698373421, 1.859042958, 6.511145334, 7.411282533, 7.356303490, 7.392108127, 7.677909116, 7.697384695, 7.738492345, 7.716282004, 7.532979949, 7.601236991, 7.591842521, 6.497135879, 5.523904891, 5.946497315, 8.029865096,11.753163536,12.156015140,12.902345353,14.315565414, 0.000000000, 0.000000000, 0.000000000
 0.000000000, 1.810912486, 4.239300982, 7.153181946, 8.900531714, 9.216115844, 8.532909711, 0.000000000, 0.000000000, 0.000000000,10.355680426, 8.470800071, 7.009052900, 7.155078368,11.264683523,13.330528453, 0.000000000, 0.000000000,23.881411362,24.971301613,17.230822590,11.981209377,11.970705377,13.538582053,12.779996206,14.094276611,12.011835972, 8.788480223,12.197061867,14.875040274,13.473176381,13.070671772,15.131079780,17.412372008,16.541636880,16.079870154,19.053618490,22.636843695, 0.000000000, 0.000000000, 0.000000000
 0.000000000, 0.882160582, 2.739683063, 4.379868537, 4.597518021, 7.104010383,10.510362223,12.505790485, 0.000000000,16.975426807,16.572998517,13.672067550,12.302239624,11.264993115,10.191557614,13.832170518,18.337047538,19.014513948,19.028174659,19.593234707,20.444883964,18.456863761,15.385779953,13.133177885,11.803478810,11.950946454,14.704836240,16.895481710,16.919839952,16.587677190,16.111933586,15.175298508,14.711417219,12.164210330,10.392132972,13.540177718,17.287604588,18.813072817, 0.000000000, 0.000000000, 0.000000000
 0.000000000, 1.329916098, 2.318451718, 3.411307805, 4.462932403, 4.269746373, 5.416077720, 8.421833130, 9.353558137,11.681825578,10.838001299, 7.132217739, 5.813967583, 5.312961013, 5.133927152, 5.263822559, 5.280225482, 4.901719679, 7.478127237, 8.551169821, 9.902365758,11.409155570,10.682344533, 9.474331405, 7.840277483, 7.501191233, 8.889743206, 9.185057007, 8.888959041, 8.857934693, 8.552655977, 8.529061972, 8.333716843, 8.427840559, 8.529185931, 7.638532495, 8.255576489, 9.680541057, 0.000000000, 0.000000000, 0.000000000
 0.000000000, 0.655118935, 3.320868531, 6.365764392, 4.598004196, 2.467522725, 2.632898022, 3.033317302, 3.416041287, 4.057843483, 3.423497626, 4.390304443, 7.536768563, 8.042770032, 7.925614181, 8.028405655, 6.723403176, 6.945875148,10.227733601,13.729460156,14.793461504,13.096604580,12.590433203,13.179110574,13.627658993,14.282817556,14.663629411,13.823219834,13.200371861,13.664112390,14.715924486,15.372062491,14.950429762,15.161884042,16.810440442,17.050185938,16.643881046,15.889094877,13.787343855, 0.000000000, 0.000000000
 0.000000000, 0.809303956, 4.467490488, 9.818775108,12.570240273,10.210293479, 5.728161097, 4.806846392,11.508760821, 9.180308301,13.570153055,12.953585150,14.668084255,16.305268557,17.228261449,17.721564380,17.692751057,18.097621016,20.563434131,25.777169920,30.246745627,30.295410820,28.934593387,28.968253941,28.932029297,28.591910474,29.096355427,29.532324074,29.426416122,29.386840534,29.066889645,29.144477085,29.932473815,29.703331451,29.065302153,30.225897010,30.089287869,28.200510295,26.924183215, 0.000000000, 0.000000000
 0.000000000, 0.751956976, 3.144871705, 7.664187783,11.323105674,12.738462185,11.667675285, 9.174796758,15.761649779,12.717155918,19.562054179,19.569717273,20.265735142,20.627989092,20.996985102,21.834624602,22.165399659,22.207059365,24.228104586,30.447309076,37.435614453,38.969355372,36.676720004,34.395189385,33.339378400,33.819685685,34.705698011,34.158102992,32.435259363,31.522246999,31.724875860,31.309536782,28.681317243,26.314883605,25.877116083,24.663702618,23.976746209,24.549689896,23.042870020, 0.000000000, 0.000000000
 0.000000000, 0.753434634, 2.671934432, 4.485098435, 4.642823348, 3.567779358, 3.356617735, 4.244015296,11.911787851, 5.167680826, 4.658348758, 7.431757883,10.506030716,10.379678306,10.728409875,12.104316014,12.536756720,11.455361845, 8.426729830, 8.880283205,17.569232282,21.173682365,19.590466663,18.321047287,17.320165746,16.682213935,16.610936557,16.445867186,16.158987581,15.733270404,14.619277825,13.461798967,12.351374399,11.149815057,10.121288653,10.200606167,10.683285805,10.154666219, 9.719215524, 0.000000000, 0.000000000
 0.000000000, 0.907646097, 2.244242302, 2.956284809, 2.537584468, 2.704843260, 2.927453917, 3.027736579, 4.774166155, 3.552013269, 3.643170609, 3.701220041, 4.145912619, 3.372949888, 2.601923356, 3.078901305, 3.805989269, 3.016672630, 3.990866372, 6.734142300, 7.733406938, 8.298761849, 8.534024517, 8.301649512, 8.155291360, 8.397830659, 8.539550566, 8.431553210, 8.228413899, 8.198513627, 8.289753786, 8.238388215, 7.677833856, 7.333170281, 7.789631562, 8.283205393, 8.349882055, 7.502136038, 6.763486952, 0.000000000, 0.000000000
 0.000000000, 1.290906855, 3.785931577, 7.253496083, 8.278204670, 8.016680501, 7.631148438, 7.296796506, 7.025831165, 6.984426212, 6.847698800, 6.579857479, 6.715200353, 5.983924911, 5.752918309, 6.007710362, 5.394844210, 6.543199024, 8.863414842,12.037245529,14.458026859,15.537519765,17.186591100,18.129866585,17.850837917,17.060161851,16.372687958,16.201472681,16.242213770,16.626165994,17.822858034,18.921277021,18.900560774,17.925541785,17.511512627,17.901156597,17.956425148,17.605909688,16.552789865, 0.000000000, 0.000000000
 0.000000000, 1.866065594, 4.657125949, 9.645191980,15.078844877,16.054338052,16.392660986,17.188409260,17.163865567,17.250564718,16.696646955,16.269897830,15.777218943,14.485997379,11.740732837,11.233833478,13.195310745,15.711320776,20.881186015,25.697465537,32.137521103,40.256455233,40.291300178,39.854468450,39.590030670,38.899901901,38.151131137,37.724381910,37.261204076,36.909323828,37.049737366,37.000303954,36.923762502,37.292359730,38.229805316,38.932498229,37.163386253,33.732544994,32.026269172, 0.000000000, 0.000000000
 0.000000000, 1.799683167, 4.650038409, 8.829141917,13.742445873,17.791093188,19.904262965,22.536964579,25.118803703,23.755724513,21.160256390,20.146960761,19.530936959,18.670667321,17.611613572,17.416877650,17.606875719,15.698792755,21.633374126,35.179842404,41.997291198,50.584048765,54.359037367,52.292547313,49.974147847,47.762363774,45.830714400,44.435508491,44.073010495,44.805049294,45.797260918,45.990954591,44.562953998,41.954973267,38.890386781,35.657988531,34.701071183,35.743042511,35.964674528, 0.000000000, 0.000000000
