 0.000000000, 0.000000000, 0.000000000, 0.000000000, 0.000000000, 0.000000000, 0.000000000, 0.000000000, 0.000000000, 0.000000000, 0.000000000, 0.000000000, 0.000000000, 0.000000000, 0.000000000, 0.000000000, 0.000000000, 0.000000000, 0.000000000, 0.000000000, 0.018424890, 0.046322345, 0.067210082, 0.039513903, 0.000000000, 0.000000000, 0.000000000, 0.000000000, 0.000000000, 0.000000000, 0.000000000, 0.000000000, 0.000000000, 0.000000000, 0.000000000, 0.000000000, 0.000000000, 0.000000000, 0.000000000, 0.000000000, 0.000000000, 0.000000000, 0.000000000, 0.000000000, 0.000000000, 0.000000000
 0.000000000, 0.000000000, 0.000000000, 0.000000000, 0.000000000, 0.000000000, 0.000000000, 0.000000000, 0.000000000, 0.000000000, 0.000000000, 0.000000000, 0.000000000, 0.000000000, 0.000000000, 0.000000000, 0.000000000, 0.000000000, 0.000000000, 0.000000000, 0.000000000, 0.000000000, 0.006862520, 0.094897424, 0.124619722, 0.086306553, 0.000000000, 0.000000000, 0.000000000, 0.000000000, 0.000000000, 0.000000000, 0.000000000, 0.000000000, 0.000000000, 0.000000000, 0.000000000, 0.000000000, 0.000000000, 0.000000000, 0.000000000, 0.000000000, 0.000000000, 0.000000000, 0.000000000, 0.000000000
 0.000000000, 0.000000000, 0.000000000, 0.000000000, 0.000000000, 0.000000000, 0.000000000, 0.000000000, 0.000000000, 0.000000000, 0.000000000, 0.000000000, 0.000000000, 0.000000000, 0.000000000, 0.000000000, 0.000000000, 0.000000000, 0.000000000, 0.016502640, 0.035885643, 0.019971347, 0.000000000, 0.112479408, 0.099750177, 0.047010039, 0.000000000, 0.000000000, 0.000000000, 0.000000000, 0.000000000, 0.000000000, 0.000000000, 0.000000000, 0.079564558, 0.090498140, 0.000000000, 0.000000000, 0.000000000, 0.000000000, 0.000000000, 0.000000000, 0.000000000, 0.000000000, 0.000000000, 0.000000000
 0.000000000, 0.000000000, 0.000000000, 0.000000000, 0.000000000, 0.000000000, 0.000000000, 0.000000000, 0.000000000, 0.000000000, 0.000000000, 0.000000000, 0.000000000, 0.000000000, 0.000000000, 0.000000000, 0.000000000, 0.000000000, 0.000000000, 0.025281385, 0.082073870, 0.081355529, 0.040699459, 0.139453469, 0.067767532, 0.000000000, 0.000000000, 0.000000000, 0.000000000, 0.000000000, 0.000000000, 0.000000000, 0.000000000, 0.000000000, 0.000000000, 0.000000000, 0.000000000, 0.000000000, 0.000000000, 0.000000000, 0.000000000, 0.000000000, 0.000000000, 0.000000000, 0.000000000, 0.000000000
 0.000000000, 0.000000000, 0.000000000, 0.000000000, 0.000000000, 0.000000000, 0.000000000, 0.000000000, 0.000000000, 0.000000000, 0.000000000, 0.000000000, 0.000000000, 0.000000000, 0.000000000, 0.000000000, 0.000000000, 0.000000000, 0.000000000, 0.038830650, 0.027251763, 0.029968927, 0.045371009, 0.088909795, 0.111153943, 0.080992836, 0.000000000, 0.000000000, 0.000000000, 0.000000000, 0.000000000, 0.000000000, 0.000000000, 0.000000000, 0.000000000, 0.000000000, 0.000000000, 0.000000000, 0.000000000, 0.000000000, 0.000000000, 0.000000000, 0.000000000, 0.000000000, 0.000000000, 0.000000000
 0.000000000, 0.000000000, 0.000000000, 0.000000000, 0.000000000, 0.000000000, 0.000000000, 0.000000000, 0.000000000, 0.000000000, 0.000000000, 0.000000000, 0.000000000, 0.000000000, 0.000000000, 0.000000000, 0.000000000, 0.000000000, 0.000000000, 0.000000000, 0.101257447, 0.081882528, 0.069223078, 0.094905360, 0.106364546, 0.000000000, 0.000000000, 0.000000000, 0.000000000, 0.000000000, 0.000000000, 0.000000000, 0.000000000, 0.000000000, 0.000000000, 0.000000000, 0.000000000, 0.000000000, 0.000000000, 0.000000000, 0.000000000, 0.000000000, 0.000000000, 0.000000000, 0.000000000, 0.000000000
 0.000000000, 0.000000000, 0.000000000, 0.000000000, 0.000000000, 0.000000000, 0.000000000, 0.000000000, 0.000000000, 0.000000000, 0.000000000, 0.000000000, 0.000000000, 0.000000000, 0.000000000, 0.000000000, 0.000000000, 0.000000000, 0.000000000, 0.000000000, 0.000000000, 0.000000000, 0.000000000, 0.000000000, 0.000000000, 0.000000000, 0.000000000, 0.000000000, 0.000000000, 0.000000000, 0.000000000, 0.000000000, 0.000000000, 0.000000000, 0.000000000, 0.000000000, 0.000000000, 0.000000000, 0.000000000, 0.000000000, 0.000000000, 0.000000000, 0.000000000, 0.000000000, 0.000000000, 0.000000000
 0.000000000, 0.000000000, 0.000000000, 0.000000000, 0.000000000, 0.000000000, 0.000000000, 0.000000000, 0.000000000, 0.000000000, 0.000000000, 0.000000000, 0.000000000, 0.000000000, 0.000000000, 0.000000000, 0.000000000, 0.000000000, 0.000000000, 0.049003016, 0.087372891, 0.092954358, 0.000000000, 0.000000000, 0.000000000, 0.000000000, 0.000000000, 0.000000000, 0.000000000, 0.000000000, 0.000000000, 0.000000000, 0.000000000, 0.000000000, 0.000000000, 0.000000000, 0.000000000, 0.000000000, 0.000000000, 0.000000000, 0.000000000, 0.000000000, 0.000000000, 0.000000000, 0.000000000, 0.000000000
 0.000000000, 0.000000000, 0.000000000, 0.000000000, 0.000000000, 0.000000000, 0.000000000, 0.000000000, 0.000000000, 0.000000000, 0.000000000, 0.000000000, 0.000000000, 0.000000000, 0.000000000, 0.000000000, 0.000000000, 0.000000000, 0.000000000, 0.060477382, 0.029390143, 0.027177893, 0.049454053, 0.000000000, 0.000000000, 0.000000000, 0.000000000, 0.000000000, 0.000000000, 0.000000000, 0.000000000, 0.000000000, 0.000000000, 0.000000000, 0.000000000, 0.000000000, 0.000000000, 0.000000000, 0.000000000, 0.000000000, 0.000000000, 0.000000000, 0.000000000, 0.000000000, 0.000000000, 0.000000000
 0.000000000, 0.000000000, 0.000000000, 0.000000000, 0.000000000, 0.000000000, 0.000000000, 0.000000000, 0.000000000, 0.000000000, 0.000000000, 0.000000000, 0.000000000, 0.000000000, 0.000000000, 0.000000000, 0.000000000, 0.000000000, 0.000000000, 0.016864375, 0.029591284, 0.042600200, 0.041012409, 0.000000000, 0.000000000, 0.000000000, 0.000000000, 0.000000000, 0.231307831, 0.233179808, 0.220479537, 0.260277866, 0.229679573, 0.000000000, 0.000000000, 0.000000000, 0.000000000, 0.000000000, 0.000000000, 0.000000000, 0.000000000, 0.000000000, 0.000000000, 0.000000000, 0.000000000, 0.000000000
 0.000000000, 0.000000000, 0.000000000, 0.000000000, 0.000000000, 0.000000000, 0.000000000, 0.000000000, 0.000000000, 0.000000000, 0.000000000, 0.075807733, 0.076022998, 0.158284097, 0.000000000, 0.000000000, 0.000000000, 0.000000000, 0.000000000, 0.000000000, 0.011039358, 0.015507357, 0.015923495, 0.000000000, 0.000000000, 0.000000000, 0.000000000, 0.000000000, 0.263701307, 0.440858640, 0.571274235, 0.486373790, 0.409347464, 0.286465434, 0.185582964, 0.000000000, 0.000000000, 0.000000000, 0.000000000, 0.000000000, 0.000000000, 0.000000000, 0.000000000, 0.000000000, 0.000000000, 0.000000000
 0.000000000, 0.000000000, 0.000000000, 0.000000000, 0.000000000, 0.000000000, 0.000000000, 0.000000000, 0.046113402, 0.123498923, 0.176989340, 0.156092428, 0.076987370, 0.000000000, 0.000000000, 0.000000000, 0.000000000, 0.000000000, 0.000000000, 0.000000000, 0.004580447, 0.044204716, 0.075771118, 0.000000000, 0.000000000, 0.000000000, 0.000000000, 0.074335971, 0.323313038, 0.477525467, 0.441821822, 0.553616395, 0.567254350, 0.470657199, 0.321877781, 0.232619383, 0.266236569, 0.203854267, 0.079353846, 0.000000000, 0.000000000, 0.000000000, 0.000000000, 0.000000000, 0.000000000, 0.000000000
 0.000000000, 0.000000000, 0.000000000, 0.000000000, 0.000000000, 0.000000000, 0.000000000, 0.000000000, 0.000000000, 0.097394561, 0.217329554, 0.186819409, 0.148240685, 0.123039290, 0.000000000, 0.000000000, 0.000000000, 0.000000000, 0.000000000, 0.000000000, 0.050992172, 0.085342176, 0.087662062, 0.000000000, 0.000000000, 0.000000000, 0.000000000, 0.112092219, 0.258466255, 0.329323835, 0.269146530, 0.413807540, 0.636191923, 0.578684414, 0.450555198, 0.401082038, 0.466228440, 0.443397628, 0.286587715, 0.180573911, 0.000000000, 0.000000000, 0.000000000, 0.000000000, 0.000000000, 0.000000000
 0.000000000, 0.000000000, 0.000000000, 0.000000000, 0.000000000, 0.000000000, 0.000000000, 0.000000000, 0.000000000, 0.087689133, 0.213249374, 0.202730863, 0.188610715, 0.113544257, 0.041993227, 0.000000000, 0.000000000, 0.000000000, 0.000000000, 0.000000000, 0.036909898, 0.050037752, 0.014860873, 0.002668829, 0.000000000, 0.000000000, 0.000000000, 0.177533981, 0.358231349, 0.352887035, 0.233791004, 0.187176812, 0.648606546, 0.858286376, 0.749809286, 0.705131225, 0.666900798, 0.510685583, 0.316570323, 0.188531808, 0.000000000, 0.000000000, 0.000000000, 0.000000000, 0.000000000, 0.000000000
 0.000000000, 0.000000000, 0.000000000, 0.000000000, 0.000000000, 0.000000000, 0.000000000, 0.000000000, 0.000000000, 0.100196993, 0.044951529, 0.000000000, 0.000000000, 0.000000000, 0.000000000, 0.000000000, 0.000000000, 0.000000000, 0.000000000, 0.016025657, 0.026673591, 0.026486703, 0.025186144, 0.027653812, 0.000000000, 0.000000000, 0.084927088, 0.319699459, 0.507218113, 0.696197530, 0.592466166, 0.236918477, 0.790710330, 1.087497519, 1.005362909, 0.772020983, 0.502837871, 0.385120360, 0.314603011, 0.191426939, 0.000000000, 0.000000000, 0.000000000, 0.000000000, 0.000000000, 0.000000000
 0.000000000, 0.000000000, 0.000000000, 0.000000000, 0.000000000, 0.000000000, 0.000000000, 0.000000000, 0.000000000, 0.000000000, 0.000000000, 0.000000000, 0.000000000, 0.000000000, 0.000000000, 0.000000000, 0.000000000, 0.000000000, 0.000000000, 0.000000000, 0.000000000, 0.017329887, 0.007912531, 0.000000000, 0.000000000, 0.000000000, 0.095495013, 0.201377063, 0.353649815, 0.659934041, 0.656675507, 0.640401950, 0.950802834, 0.866278262, 0.708992547, 0.531940615, 0.419440772, 0.373334846, 0.294701226, 0.000000000, 0.000000000, 0.000000000, 0.000000000, 0.000000000, 0.000000000, 0.000000000
 0.000000000, 0.000000000, 0.000000000, 0.000000000, 0.000000000, 0.000000000, 0.000000000, 0.000000000, 0.000000000, 0.000000000, 0.000000000, 0.000000000, 0.000000000, 0.000000000, 0.000000000, 0.000000000, 0.000000000, 0.000000000, 0.000000000, 0.000000000, 0.000000000, 0.000000000, 0.000000000, 0.000000000, 0.000000000, 0.000000000, 0.000000000, 0.099208210, 0.261862275, 0.346245311, 0.424590823, 0.563629059, 0.643548494, 0.596230204, 0.504296505, 0.405386658, 0.333522780, 0.329284176, 0.290040994, 0.000000000, 0.000000000, 0.000000000, 0.000000000, 0.000000000, 0.000000000, 0.000000000
 0.000000000, 0.176482671, 0.177579940, 0.000000000, 0.000000000, 0.000000000, 0.000000000, 0.000000000, 0.054542344, 0.108787783, 0.181702933, 0.187241225, 0.146998578, 0.116825810, 0.000000000, 0.000000000, 0.000000000, 0.000000000, 0.000000000, 0.000000000, 0.000000000, 0.000000000, 0.000000000, 0.000000000, 0.000000000, 0.000000000, 0.062728477, 0.128891183, 0.258605123, 0.443586356, 0.596393742, 0.656698126, 0.715074001, 0.707246145, 0.603039989, 0.486438003, 0.434022162, 0.441230899, 0.382283973, 0.299029886, 0.000000000, 0.000000000, 0.000000000, 0.000000000, 0.000000000, 0.000000000
 0.000000000, 0.356645970, 0.339964450, 0.305794248, 0.304600274, 0.298698042, 0.242065833, 0.161770675, 0.059848310, 0.164259573, 0.223086318, 0.299260621, 0.260061056, 0.092446464, 0.000000000, 0.000000000, 0.000000000, 0.000000000, 0.000000000, 0.000000000, 0.000000000, 0.000000000, 0.000000000, 0.000000000, 0.000000000, 0.000000000, 0.000000000, 0.000000000, 0.152163990, 0.621447755, 0.984242551, 1.059602775, 1.254774077, 1.326055815, 1.174914789, 0.976327835, 0.832378651, 0.811519451, 0.689926796, 0.516393390, 0.374497848, 0.287653163, 0.231107740, 0.000000000, 0.000000000, 0.000000000
 0.000000000, 0.502111226, 0.472502032, 0.402764054, 0.397690070, 0.383301145, 0.316476547, 0.185452779, 0.110226010, 0.261212254, 0.525183616, 0.612599563, 0.279426715, 0.000000000, 0.000000000, 0.000000000, 0.000000000, 0.000000000, 0.000000000, 0.000000000, 0.000000000, 0.000000000, 0.000000000, 0.000000000, 0.000000000, 0.000000000, 0.000000000, 0.196767312, 0.268548286, 0.736297217, 1.974171340, 2.014110651, 2.057957442, 2.265832043, 2.148575075, 1.903732826, 1.584083718, 1.405754631, 1.046695457, 0.715070005, 0.522806787, 0.430005795, 0.427318003, 0.253023790, 0.000000000, 0.000000000
 0.000000000, 0.410440057, 0.380959900, 0.358351188, 0.357857233, 0.334705349, 0.296805914, 0.237609219, 0.137427704, 0.142961180, 0.088249896, 0.000000000, 0.000000000, 0.000000000, 0.000000000, 0.000000000, 0.000000000, 0.000000000, 0.000000000, 0.000000000, 0.000000000, 0.000000000, 0.000000000, 0.000000000, 0.000000000, 0.000000000, 0.177345989, 0.723715349, 0.523396709, 0.969279181, 2.408927899, 2.537901187, 2.474953684, 2.285579555, 2.285203159, 1.992396553, 1.596060281, 1.361159043, 1.042301634, 0.758947621, 0.583213186, 0.540813714, 0.549808722, 0.515603721, 0.218557375, 0.000000000
 0.000000000, 0.279244270, 0.245322686, 0.238854886, 0.257877273, 0.236847108, 0.199607463, 0.185372199, 0.090952810, 0.094908637, 0.058193318, 0.000000000, 0.000000000, 0.000000000, 0.000000000, 0.000000000, 0.000000000, 0.000000000, 0.000000000, 0.000000000, 0.000000000, 0.000000000, 0.000000000, 0.000000000, 0.000000000, 0.000000000, 0.177121161, 0.641772259, 0.457084988, 0.751250766, 1.659989953, 1.709654853, 1.804708649, 1.762947515, 1.843717239, 1.676202539, 1.276960709, 1.109175697, 0.930990103, 0.679400910, 0.555633079, 0.479212845, 0.375032456, 0.345071175, 0.157977663, 0.000000000
 0.000000000, 0.000000000, 0.000000000, 0.000000000, 0.000000000, 0.000000000, 0.000000000, 0.000000000, 0.065389815, 0.138820985, 0.265748232, 0.164125683, 0.000000000, 0.000000000, 0.000000000, 0.000000000, 0.000000000, 0.000000000, 0.000000000, 0.000000000, 0.000000000, 0.000000000, 0.000000000, 0.000000000, 0.000000000, 0.000000000, 0.204844891, 0.310289571, 0.405296662, 0.532480360, 0.785134840, 1.054474654, 1.120501228, 1.108287715, 1.047990269, 0.915616998, 0.786883623, 0.712721694, 0.618606006, 0.496774360, 0.378861021, 0.307655158, 0.286980798, 0.000000000, 0.000000000, 0.000000000
 0.000000000, 0.000000000, 0.000000000, 0.000000000, 0.000000000, 0.000000000, 0.000000000, 0.000000000, 0.000000000, 0.123945323, 0.384462925, 0.461938511, 0.198626534, 0.102158627, 0.129026758, 0.060819013, 0.000000000, 0.000000000, 0.000000000, 0.000000000, 0.000000000, 0.000000000, 0.000000000, 0.000000000, 0.000000000, 0.000000000, 0.073710543, 0.205031059, 0.386367965, 0.559938721, 0.641207761, 0.696104440, 0.826178188, 0.840687930, 0.830319653, 0.755502527, 0.683492138, 0.605424341, 0.493716831, 0.391522279, 0.310846477, 0.000000000, 0.000000000, 0.000000000, 0.000000000, 0.000000000
 0.000000000, 0.000000000, 0.000000000, 0.000000000, 0.000000000, 0.000000000, 0.000000000, 0.000000000, 0.000000000, 0.229297841, 0.646528225, 0.695928620, 0.418151740, 0.097640643, 0.000000000, 0.000000000, 0.000000000, 0.000000000, 0.000000000, 0.000000000, 0.000000000, 0.000000000, 0.000000000, 0.000000000, 0.000000000, 0.000000000, 0.142575893, 0.187995403, 0.250285854, 0.482625167, 0.724128541, 0.775234920, 0.875315376, 0.955345706, 0.914004629, 0.871864726, 0.832548398, 0.689127762, 0.527068825, 0.422413422, 0.354487507, 0.305751592, 0.000000000, 0.000000000, 0.000000000, 0.000000000
 0.000000000, 0.000000000, 0.000000000, 0.000000000, 0.000000000, 0.000000000, 0.000000000, 0.000000000, 0.000000000, 0.269822807, 1.085821266, 1.139862093, 0.619747437, 0.068385905, 0.000000000, 0.000000000, 0.000000000, 0.000000000, 0.000000000, 0.000000000, 0.000000000, 0.000000000, 0.000000000, 0.000000000, 0.000000000, 0.000000000, 0.175753642, 0.299095174, 0.423944244, 0.599369414, 1.017982655, 1.126493422, 1.163884168, 1.219688526, 1.253142463, 1.221741135, 1.141739910, 1.020636280, 0.814949006, 0.624212050, 0.526871819, 0.439003241, 0.329330362, 0.243986004, 0.000000000, 0.000000000
 0.000000000, 0.000000000, 0.000000000, 0.000000000, 0.000000000, 0.000000000, 0.000000000, 0.000000000, 0.027962358, 0.363884718, 1.003119580, 0.917324796, 0.606992262, 0.150897063, 0.000000000, 0.000000000, 0.000000000, 0.000000000, 0.000000000, 0.000000000, 0.000000000, 0.000000000, 0.000000000, 0.000000000, 0.000000000, 0.000000000, 0.215572634, 0.400138454, 0.369412740, 0.527834273, 1.303751701, 1.505508608, 1.577424730, 1.646056346, 1.744116906, 1.786268396, 1.617797170, 1.232740558, 0.973528998, 0.784785694, 0.686707099, 0.597552050, 0.539071578, 0.326024740, 0.000000000, 0.000000000
 0.000000000, 0.160865146, 0.168217851, 0.158488767, 0.180289329, 0.192643540, 0.180019706, 0.085952824, 0.055166040, 0.396236845, 0.641433084, 0.544224131, 0.313539366, 0.000000000, 0.000000000, 0.000000000, 0.000000000, 0.000000000, 0.000000000, 0.000000000, 0.000000000, 0.000000000, 0.000000000, 0.000000000, 0.000000000, 0.000000000, 0.157353827, 0.564452716, 0.545637122, 0.785581297, 1.998582881, 2.416782112, 2.550409588, 2.335997777, 2.185289322, 2.787951209, 2.913244842, 2.088887294, 1.591838796, 1.359073831, 1.293575159, 1.105290504, 0.661104713, 0.192506888, 0.000000000, 0.000000000
 0.000000000, 0.000000000, 0.106441541, 0.115250156, 0.166297800, 0.154276276, 0.167221859, 0.154212985, 0.180124856, 0.322130546, 0.356835821, 0.172031577, 0.000000000, 0.000000000, 0.000000000, 0.000000000, 0.000000000, 0.000000000, 0.000000000, 0.000000000, 0.000000000, 0.000000000, 0.000000000, 0.000000000, 0.000000000, 0.177474275, 0.229837618, 0.714091582, 0.976413399, 1.465802160, 3.643214393, 4.452456800, 5.186464546, 4.606834191, 4.152426601, 4.973608989, 4.253298353, 3.211142707, 2.765758861, 2.479645111, 2.399500495, 2.021594714, 2.059300209, 1.376516642, 0.000000000, 0.000000000
 0.000000000, 0.153609847, 0.142060229, 0.000000000, 0.000000000, 0.000000000, 0.000000000, 0.000000000, 0.091635576, 0.276698379, 0.471314613, 0.451263198, 0.197529118, 0.000000000, 0.000000000, 0.000000000, 0.000000000, 0.055412877, 0.044067581, 0.000000000, 0.000000000, 0.000000000, 0.000000000, 0.000000000, 0.000000000, 0.178429003, 0.350311879, 1.223343219, 1.836156389, 2.891116465, 6.539087241, 7.323357219, 6.569248715, 5.056068146, 6.131557391, 6.456648501, 5.452979922, 4.489042049, 3.889765711, 3.548274025, 3.236972315, 2.716712579, 2.748693301, 1.954175957, 0.000000000, 0.000000000
 0.000000000, 0.000000000, 0.000000000, 0.000000000, 0.000000000, 0.000000000, 0.000000000, 0.000000000, 0.076448194, 0.203775775, 0.361511069, 0.462227423, 0.302562358, 0.000000000, 0.000000000, 0.000000000, 0.000000000, 0.000000000, 0.000000000, 0.000000000, 0.000000000, 0.000000000, 0.000000000, 0.000000000, 0.000000000, 0.164942854, 0.912820191, 2.465131080, 3.262945788, 5.837523319, 8.847967664, 7.566515634, 5.692065846, 5.151315055, 4.694923772, 4.094781713, 3.767501387, 3.560405257, 3.067438545, 2.546830740, 2.287902045, 2.110201267, 2.159699964, 1.536996465, 0.000000000, 0.000000000
 0.000000000, 0.000000000, 0.000000000, 0.000000000, 0.000000000, 0.000000000, 0.000000000, 0.000000000, 0.054292934, 0.206956336, 0.410257116, 0.494748094, 0.282168763, 0.000000000, 0.000000000, 0.169992592, 0.117839377, 0.000000000, 0.000000000, 0.000000000, 0.000000000, 0.000000000, 0.000000000, 0.000000000, 0.000000000, 0.218559360, 1.197979565, 2.693357035, 3.516403937, 5.307255348, 5.836111457, 4.684677362, 3.956029023, 4.097893115, 3.858761961, 3.375159648, 2.863133053, 2.291575540, 1.784144336, 1.591611556, 1.388363772, 1.185055920, 1.140100531, 1.253867771, 0.624726681, 0.000000000
 0.000000000, 0.000000000, 0.000000000, 0.000000000, 0.000000000, 0.000000000, 0.000000000, 0.000000000, 0.000000000, 0.079333243, 0.274751350, 0.449675177, 0.531871251, 0.319542833, 0.000000000, 0.154285770, 0.108119300, 0.000000000, 0.000000000, 0.000000000, 0.000000000, 0.000000000, 0.000000000, 0.000000000, 0.000000000, 0.242950976, 1.034833897, 2.161779929, 2.515759738, 3.109164650, 3.379962535, 3.523639166, 3.474299032, 2.937496507, 2.723092970, 2.628857208, 2.266637394, 1.832297367, 1.463821462, 1.187585353, 0.984699748, 0.889772387, 0.836557535, 0.846724836, 0.518680057, 0.000000000
 0.000000000, 0.312189750, 0.275619975, 0.283498834, 0.312181385, 0.307682585, 0.279118181, 0.230773792, 0.163106833, 0.175296895, 0.296367165, 0.386007668, 0.336815274, 0.254934035, 0.141266578, 0.000000000, 0.000000000, 0.000000000, 0.000000000, 0.000000000, 0.000000000, 0.000000000, 0.000000000, 0.000000000, 0.000000000, 0.222287076, 0.718966405, 1.462564320, 2.133390196, 2.244459755, 2.296638354, 2.512194952, 2.838689492, 2.719656380, 2.800101462, 2.850802339, 2.433193022, 1.757660929, 1.509976093, 1.324341332, 1.070291131, 0.959653048, 0.891357504, 0.867190979, 0.492571581, 0.000000000
 0.000000000, 0.510873728, 0.450079946, 0.463788517, 0.513128164, 0.531719154, 0.502009442, 0.400476128, 0.259268483, 0.234720037, 0.349908518, 0.469146810, 0.418683438, 0.153732268, 0.151594112, 0.260723451, 0.289776941, 0.000000000, 0.000000000, 0.000000000, 0.000000000, 0.000000000, 0.000000000, 0.192136749, 0.093226226, 0.172608308, 0.836879490, 1.818178071, 2.741234464, 3.286505085, 3.355508488, 3.148126139, 3.185991734, 3.274489495, 2.739994746, 2.496351199, 2.382340456, 1.797473306, 1.308311219, 1.106873609, 0.931226361, 0.801661047, 0.744801269, 0.733583030, 0.601688992, 0.000000000
 0.000000000, 0.878428388, 0.784974893, 0.765943952, 0.775491276, 0.784493703, 0.771345901, 0.661962222, 0.499092844, 0.365461382, 0.370346774, 0.497309943, 0.625163293, 0.498378431, 0.156064380, 0.378858037, 0.215238268, 0.000000000, 0.000000000, 0.000000000, 0.000000000, 0.000000000, 0.112448048, 0.217286818, 0.134124949, 0.158730311, 0.651080179, 1.557031144, 2.481657075, 3.379462481, 3.554581931, 3.135495230, 2.947987046, 3.098221697, 3.128688870, 3.029908657, 2.359683724, 1.618922427, 1.346998742, 1.212335376, 1.113134603, 0.952284012, 0.845825893, 0.817629457, 0.638837415, 0.000000000
 0.000000000, 1.403446412, 1.198060309, 1.101768926, 1.101862998, 1.151142288, 1.122982635, 0.912370794, 0.715723433, 0.624538365, 0.548118373, 0.620452625, 0.530550705, 0.174802562, 0.156545716, 0.237652639, 0.097653208, 0.000000000, 0.000000000, 0.000000000, 0.000000000, 0.000000000, 0.000000000, 0.000000000, 0.000000000, 0.171251010, 0.636746248, 1.697542902, 2.822092772, 3.615876737, 4.392954057, 4.154236472, 3.426599450, 3.196837101, 3.768810560, 4.245227509, 4.629145270, 4.954756061, 2.650406614, 1.458546078, 1.507113371, 1.262239256, 1.222156210, 1.262808979, 0.671317260, 0.000000000
 0.000000000, 1.294792247, 1.408712760, 1.417516299, 1.388755296, 1.332019421, 1.324915798, 1.342966649, 1.289477681, 1.144982631, 1.060888147, 0.848566263, 0.307257968, 0.000000000, 0.180478143, 0.379795179, 0.313272889, 0.000000000, 0.000000000, 0.000000000, 0.000000000, 0.000000000, 0.000000000, 0.206964312, 0.090610785, 0.200699298, 0.883665118, 2.021001141, 2.921872503, 4.046401905, 6.049495661, 6.490075246, 5.701662097, 5.066180993, 6.366978279, 7.437059076, 6.364269632, 2.489932619, 1.105003421, 1.609578242, 1.502651001, 1.242881872, 1.043008500, 1.026523711, 0.765173772, 0.000000000
 0.000000000, 1.799363718, 1.744807852, 1.762378958, 1.782454876, 1.696696221, 1.339551257, 1.251110550, 1.304077584, 1.562027208, 1.590516142, 1.040594085, 0.624803328, 0.161715179, 0.264743375, 0.538877400, 0.520269856, 0.000000000, 0.000000000, 0.000000000, 0.000000000, 0.000000000, 0.000000000, 0.186477469, 0.113052738, 0.314255751, 1.107580495, 2.687650270, 4.490537104, 5.963640776, 9.541432897,13.046570036,14.418243241,11.617140823, 9.129829058, 9.510087614, 6.678671723, 1.944149315, 1.784872069, 2.026210650, 1.835064855, 1.570247061, 1.310834536, 1.268688211, 1.141073326, 0.000000000
 0.000000000, 1.585745494, 1.443342543, 1.257487122, 1.227161573, 1.268457718, 1.346892968, 1.228651679, 1.196782426, 1.840696635, 2.037865986, 2.384936222, 3.174240617, 1.847541272, 0.000000000, 0.510100510, 0.346654420, 0.000000000, 0.000000000, 0.000000000, 0.000000000, 0.000000000, 0.000000000, 0.084444416, 0.000000000, 0.302461221, 1.205568396, 3.345627064, 6.680477067,10.674699697,14.424333393,16.523661733,17.552290192,18.811659541,22.676771848,20.569560171,14.829432755, 5.478939866, 0.000000000, 1.272272051, 1.565487131, 1.505014164, 0.906148386, 0.824823575, 0.990938416, 0.000000000
 0.000000000, 1.464150086, 1.367396947, 1.280726100, 1.268755417, 1.251197278, 1.109514334, 1.010012340, 1.243368467, 2.062078271, 2.808243034, 3.111835175, 3.295062203, 2.439343161, 0.000000000, 0.269802047, 0.174996231, 0.181673596, 0.000000000, 0.000000000, 0.000000000, 0.000000000, 0.000000000, 0.130127314, 0.152107297, 0.280943873, 1.284133240, 3.685651811, 7.352853137,12.506456798,17.637271224,16.202945479,16.178426943,14.033815356,11.885970670,12.484730765,15.844300750,17.912403864, 7.597084471, 2.374152627, 2.815625173, 2.557509691, 2.520645223, 2.569814072, 1.472370770, 0.000000000
 0.000000000, 1.427904211, 1.247365477, 1.155345746, 1.131205433, 1.135450544, 1.003010786, 1.106876253, 1.307003319, 2.236641366, 3.817113458, 4.133102504, 4.292770798, 3.113661175, 0.812941058, 0.717431386, 0.130988597, 0.463751278, 0.000000000, 0.000000000, 0.000000000, 0.005019687, 0.005609730, 0.137335244, 0.189326169, 0.000000000, 0.881160223, 6.703838523,12.649698550,16.409040474,18.952496694,15.400249933,14.018911787,13.844270669,12.004084772,13.550651343,16.462852311,19.242494606, 9.809207166, 3.039317066, 4.454462741, 4.158909576, 3.273860160, 2.804371531, 1.541838324, 0.000000000
 0.000000000, 1.825493639, 1.817749723, 1.733031858, 1.602957709, 1.382674928, 1.077786699, 1.210411986, 1.527114510, 2.252000535, 3.681327470, 5.408545373, 5.820505324, 5.577325336, 4.720425346, 2.625312615, 0.619081900, 0.383554950, 0.000000000, 0.123746144, 0.101023785, 0.018225475, 0.000000000, 0.261962862, 0.266120869, 0.000000000, 0.720790764, 2.388576294, 7.899515125, 7.998673356, 9.686196377,13.149525028,15.319574811,13.441817217,10.209451164, 8.223697839,10.276595935,12.652115403,10.806598057, 7.593083292, 7.014823153, 7.524445407, 7.412715487, 6.813723165, 3.304327283, 0.000000000
 0.000000000, 1.723345127, 1.532831431, 1.641067236, 1.791139387, 1.931442060, 1.937927879, 2.031917204, 2.265959639, 2.407299109, 4.911843954, 7.642872682,11.406795289, 8.015114522, 0.000000000, 1.237960692, 1.022500058, 0.000000000, 0.000000000, 0.000000000, 0.000000000, 0.000000000, 0.000000000, 0.000000000, 0.000000000, 0.000000000, 2.643843564, 5.959071063, 8.463296914, 2.652864954, 6.526146128, 7.047812972, 7.282017411, 7.139795107, 6.836510272, 6.287806919, 5.838691609, 5.378306897, 7.282409800,13.411434892,15.967404236,12.104230143,10.670906633,10.353123779, 0.000000000, 0.000000000
 0.000000000, 1.863683309, 1.470135137, 1.484992204, 1.671937229, 1.678009892, 1.438621004, 1.484348329, 1.002484263, 1.959851671, 7.199910220, 7.826144909,11.735953592,16.759723097,11.453981109, 0.000000000, 0.000000000, 0.000000000, 0.000000000, 0.000000000, 0.090395865, 0.081524256, 0.000000000, 0.000000000, 0.000000000, 0.000000000, 0.000000000,12.933451858,24.869439519,12.246123306, 7.747917028, 5.792695481, 5.534706358, 5.267397836, 5.285761337, 5.353617237, 5.355137243, 6.863091362,10.109324734,13.295163642,10.877415800, 7.560203516, 8.344174681, 8.539635016, 5.416791878, 0.000000000
 0.000000000, 3.763951014, 3.442486228, 3.283224249, 3.147567912, 2.970959377, 2.676962769, 2.517844766, 2.911924083, 0.000000000, 5.640300419, 7.762936500, 9.583543067,12.419609946,11.836017533, 8.269667473, 3.748359142, 0.000000000, 0.000000000, 0.000000000, 0.070191736, 0.074178430, 0.000000000, 0.000000000, 0.000000000, 0.000000000, 0.000000000, 0.000000000, 7.834844317, 5.466216244, 6.148222906, 6.041998527, 4.379499447, 4.152222925, 3.583738524, 2.856863852, 3.504869410, 5.569979647, 6.404529098, 7.380618280, 9.148594027,10.267080125,11.488385803, 0.000000000, 0.000000000, 0.000000000
 0.000000000, 4.924166517, 4.369547392, 4.045284870, 3.677331245, 3.384295104, 3.425794180, 3.732283690, 4.083220987, 7.375220485,15.184871258,19.358954538,18.069306714,15.382341126, 8.959642565, 2.057376426, 0.000000000, 0.000000000, 0.000000000, 0.000000000, 0.000000000, 0.000000000, 0.000000000, 0.000000000, 0.000000000, 0.000000000, 0.000000000,11.785321274,14.749152081,10.064343008, 6.614680413, 5.520815179, 5.459727801, 5.244836209, 5.697106779, 5.319264979, 5.602618961, 7.552519079, 9.214877369, 9.300011090,10.109836504,15.831184244,18.652346970,19.059124502, 0.000000000, 0.000000000
 0.000000000, 5.005859463, 5.204143497, 5.485801879, 5.787413523, 5.480764822, 4.743420286, 4.493997786, 3.946312333, 4.492703016, 6.855840232,12.652893906,18.131901549,18.901937040,18.339116922,14.982388879, 9.778841360, 5.407991237, 0.000000000, 0.000000000, 0.000000000, 0.000000000, 0.000000000, 0.000000000, 0.369333928, 0.393349158, 3.148074399,10.452017847,10.953762349, 6.435801716, 5.422806743, 5.943938219, 6.507755447, 5.926744964, 4.763847011, 4.766543711, 4.430320925, 3.848377034, 4.132390515, 5.511795044, 8.584130578,10.461540090,10.592359277,10.687115135, 0.000000000, 0.000000000
 0.000000000,15.821922246,17.499070093,15.223721662,12.247466499,12.579484127,13.830157944,12.222489892,10.594726356, 2.837756511, 3.124725629, 6.921847981, 8.824460178,11.374804328,13.246113067,13.311969709, 5.480638427, 3.563307920, 0.000000000, 0.000000000, 0.000000000, 0.000000000, 0.000000000, 0.000000000, 0.000000000, 0.889203111, 4.629882982, 9.039247405, 8.481260668, 5.635424911, 4.039153324, 3.443930319, 3.566935473, 3.210639045, 3.123707761, 2.934333483, 2.507846304, 2.772175558, 3.424107254, 4.715320383, 6.722930845, 8.118884367, 8.896073706, 9.177168027, 0.000000000, 0.000000000
 0.000000000,13.105872684,14.763539739,15.360540477,16.501131537,15.740015060,13.709595282,16.467031160,18.830160396,19.183345557,19.622846634,16.499459811,13.502162814,11.245054929, 8.811655370, 7.668851276, 4.937738657, 1.518723700, 0.000000000, 0.000000000, 0.000000000, 0.000000000, 0.000000000, 0.000000000, 0.000000000, 1.181253060, 6.363251338,13.394830146,15.976198196,14.053900541, 7.936673472, 5.555171530, 4.070075812, 3.415496056, 4.870910639, 6.750973361, 7.595973303, 8.278752973, 9.323033347,10.345443179,10.753593544,11.832985071,11.998116372, 0.000000000, 0.000000000, 0.000000000
 0.000000000, 8.261707124, 7.240534635, 8.761776897, 9.654544476,10.265335046, 8.299075765, 7.531593533, 9.962985943, 9.095968405, 8.839370147,11.228544163,14.319395425,15.806675285,14.303954647,12.364528216,10.296694195, 7.916612317, 0.000000000, 0.893809652, 0.496262407, 0.000000000, 0.000000000, 0.395180890, 0.954113336, 3.703143220, 8.161897955,14.767727914,15.834190884,12.214360029,10.742748849, 9.909900525, 9.438120946, 9.184545582, 8.140792544, 7.407613239, 7.761943480, 8.080365110, 8.074118578, 8.218751340, 8.528656028, 7.930022288, 7.580976806, 0.000000000, 0.000000000, 0.000000000
 0.000000000,11.395505763, 9.877082540, 7.865987534, 7.473148465, 7.340167426, 6.868521217, 5.443093320, 3.917385170, 3.242352261, 4.550758856, 5.475791857, 7.561723024,10.533387830,11.127730830,11.965547114,12.763518532,10.600344824, 1.135396349, 0.395802251, 0.516822954, 0.175152759, 0.000000000, 0.000000000, 0.000000000, 2.098217837, 6.995743195, 8.831894740, 7.200990482, 5.253749415, 6.111642731, 7.014635766, 6.428461777, 5.553420810, 5.161744548, 5.186944680, 5.223952743, 5.476835077, 5.568793584, 5.746369756, 5.782243476, 5.254256949, 5.360678696, 5.957981033, 0.000000000, 0.000000000
 0.000000000,18.289134419,21.454319474,20.647788949,18.233794851,16.467057159,15.184071443,13.363691792,11.934096575,10.254435738, 9.978549896, 9.896447183, 6.509319129, 4.007681904, 3.537791605, 2.802948693, 2.833709152, 2.366349631, 1.691200903, 1.671089999, 1.265386254, 0.639923807, 0.586792054, 0.916892795, 0.914593283, 1.803778195, 2.482988424, 6.289163626,11.499759393, 8.484319272, 4.128083405, 6.300622390, 8.828108273, 8.833634153, 8.839704638, 9.471665220,10.482695124,11.671785136,12.074432844,12.112424046,12.509471143,12.395847583,12.515164552,11.775026360,10.746539216, 0.000000000
 0.000000000,17.715893600,22.981535040,23.378349565,24.176570406,23.713726472,23.512207192,23.012785773,21.532398559,21.059544403,20.738591012,20.437438200,16.469656910, 9.573793181,14.020419778,11.507547773, 8.708890244, 6.536997002, 2.400538341, 2.056267742, 1.603444626, 1.353999445, 1.108455830, 2.723817725, 4.619387442, 3.993205734, 3.287715714, 8.355030112,19.096384827,25.849909021,23.531223415,20.427051107,19.336112358,19.211603921,19.362182231,20.308732334,21.169171558,21.192275100,22.050368442,22.362557648,21.292097280,21.319091099,20.591101919,19.579313693,18.803157163, 0.000000000
 0.000000000,11.023335833,11.574341308,12.854226356,13.623797085,14.449863122,15.103895705,16.168156675,17.431913242,16.260272878,17.691764781,22.395451637,24.599894866,16.804361181,23.119089713,22.062065804,18.440935168,15.736903137, 5.310561680, 4.360418246, 3.814351665, 3.347030791, 2.430813571, 5.923536249, 8.258624445,10.006050434, 5.070829186, 9.635193717,19.459790698,27.377808087,31.111166826,30.448708782,27.985021245,26.094044455,24.422084709,22.614846824,21.338335750,20.803314553,19.378314716,17.759424385,17.337989566,16.173758313,15.018530908,14.564546228,13.655802674, 0.000000000
 0.000000000, 6.169131306, 5.122785012, 5.748477587, 5.900990805, 6.107757499, 6.205177739, 6.631060649, 6.831829960, 4.973605562, 5.265840338, 9.879348515,10.674611365, 7.590576609,16.567036972,18.202561236,18.531702635,16.604486007, 6.151213836, 6.051712293, 5.302496422, 4.655096910, 3.627627691, 6.511895946, 6.994746711, 9.321503420, 4.955453844, 6.424906933, 9.749881163, 9.006068947, 6.064098997, 8.766409503,12.735198198,13.515100702,12.080928631,10.823454075, 9.665368084, 8.503724034, 7.742452689, 7.255973999, 6.756581622, 6.705994373, 6.149066220, 5.801311617, 5.991219137, 0.000000000
 0.000000000,10.367637006,10.233619575, 9.450624013, 8.346132652, 7.776836032, 7.888415481, 7.075130707, 5.491055876, 4.253323526, 4.814521155, 5.016684775, 3.897297530, 3.552545933, 6.637771537, 7.957267879, 8.234512346, 7.926315878, 4.126442703, 4.288450104, 3.254743470, 2.843239082, 2.773845161, 2.259093756, 1.611818679, 2.031870163, 4.857191796, 5.198233151, 2.766007774, 5.794304251, 6.900609912, 5.989581817, 6.071667158, 5.980324831, 5.973771312, 6.353260091, 6.620026667, 6.917310993, 7.118591318, 6.544032497, 6.207217120, 6.828861261, 6.905682926, 5.974055181, 5.580172300, 0.000000000
 0.000000000,18.322929536,22.962525300,21.613504369,21.303537797,19.135127461,17.197909150,16.717692143,15.451073899,11.249531548,11.774043656,12.955566480, 9.321788145, 6.821330457, 0.000000000, 0.000000000, 0.864601724, 2.012822605, 2.717768496, 2.014997296, 0.675345183, 0.000000000, 0.614398942, 2.535488693, 1.380549032, 0.000000000, 4.743605761,10.454982777,13.074981560,13.338213843,13.302380029,14.400699550,12.385058010,11.317298994,11.802536511,13.085780131,14.541836791,15.925989745,17.404878729,17.113952637,15.133180495,14.573454454,15.423500527,15.147082594,13.870862589, 0.000000000
 0.000000000,18.343383878,29.708499403,34.819878415,32.640514329,33.040139318,35.268074679,33.224104470,29.480588228,28.015851102,30.986928383,33.822322845,29.553851268,23.818608658,21.780535848,17.283963947,11.414674314, 9.266999638, 9.145105265,12.321867426,10.638057694, 5.778187106, 5.487069171,10.476952704,11.069403889,11.824320380,14.941822132,22.835139420,34.864427320,42.296625591,31.508522923,23.933408748,23.395921214,26.199381225,27.717301707,28.803525781,30.285852656,30.953909604,31.958735921,33.405029677,33.492299093,32.012953940,29.307010433,26.568824001,26.202766557, 0.000000000
 0.000000000,16.197097712,22.667298493,23.051612979,24.935327418,26.825813171,25.942517110,26.579309489,28.562149304,28.529459426,29.897009695,33.822310052,35.253453813,32.305953292,31.297792475,30.964522391,27.540262076,22.878014393,17.796013533,21.460193235,23.687083018,23.630120079,21.948661928,24.594886296,23.464934421,22.625636813,25.567313623,35.220743195,44.388354598,49.110698781,46.369428242,42.647335359,39.461026343,37.474008397,36.921656534,36.944969512,37.276015614,37.635744293,37.267220326,35.109728690,31.337393601,28.049547138,27.210402189,26.790226936,25.442094760, 0.000000000
