 0.000000000, 0.000000000, 0.214527908, 0.251293134, 0.103458939, 0.000000000, 0.000000000, 0.000000000, 0.000000000, 0.061573670, 0.191924919, 0.102725913, 0.000000000, 0.000000000, 0.000000000, 0.000000000, 0.000000000, 0.000000000, 0.000000000, 0.000000000, 0.000000000, 0.000000000, 0.046006743, 0.060032670, 0.000000000, 0.000000000, 0.000000000, 0.000000000, 0.000000000, 0.000000000, 0.000000000, 0.000000000, 0.000000000, 0.000000000, 0.000000000, 0.000000000, 0.000000000, 0.000000000, 0.000000000, 0.000000000, 0.000000000, 0.000000000, 0.000000000, 0.000000000
 0.000000000, 0.000000000, 0.207640872, 0.151100408, 0.000000000, 0.000000000, 0.000000000, 0.000000000, 0.000000000, 0.000000000, 0.000000000, 0.000000000, 0.000000000, 0.000000000, 0.000000000, 0.000000000, 0.000000000, 0.000000000, 0.000000000, 0.000000000, 0.000000000, 0.000000000, 0.000000000, 0.000000000, 0.000000000, 0.000000000, 0.000000000, 0.000000000, 0.000000000, 0.000000000, 0.000000000, 0.000000000, 0.000000000, 0.000000000, 0.000000000, 0.000000000, 0.000000000, 0.000000000, 0.000000000, 0.000000000, 0.000000000, 0.000000000, 0.000000000, 0.000000000
 0.000000000, 0.000000000, 0.000000000, 0.000000000, 0.000000000, 0.000000000, 0.000000000, 0.000000000, 0.000000000, 0.000000000, 0.000000000, 0.000000000, 0.000000000, 0.000000000, 0.000000000, 0.000000000, 0.000000000, 0.000000000, 0.000000000, 0.000000000, 0.000000000, 0.000000000, 0.000000000, 0.048482228, 0.161814054, 0.169179818, 0.110808479, 0.088566187, 0.092359222, 0.000000000, 0.000000000, 0.000000000, 0.000000000, 0.000000000, 0.000000000, 0.000000000, 0.000000000, 0.000000000, 0.000000000, 0.000000000, 0.000000000, 0.000000000, 0.000000000, 0.000000000
 0.000000000, 0.000000000, 0.086799238, 0.128154913, 0.087845614, 0.000000000, 0.000000000, 0.000000000, 0.304989483, 0.367590826, 0.162137634, 0.164669422, 0.000000000, 0.000000000, 0.000000000, 0.000000000, 0.000000000, 0.000000000, 0.000000000, 0.000000000, 0.000000000, 0.005913225, 0.056154537, 0.095274044, 0.167452174, 0.166412373, 0.172600123, 0.159692871, 0.097300219, 0.000000000, 0.160758096, 0.160791400, 0.160464211, 0.000000000, 0.000000000, 0.000000000, 0.000000000, 0.000000000, 0.000000000, 0.000000000, 0.000000000, 0.000000000, 0.000000000, 0.000000000
 0.000000000, 0.000000000, 0.000000000, 0.000000000, 0.000000000, 0.000000000, 0.000000000, 0.000000000, 0.000000000, 0.000000000, 0.000000000, 0.000000000, 0.000000000, 0.000000000, 0.000000000, 0.000000000, 0.000000000, 0.000000000, 0.000000000, 0.000000000, 0.000000000, 0.013033587, 0.059884871, 0.101874473, 0.205172920, 0.228983969, 0.240191644, 0.265977551, 0.209724936, 0.000000000, 0.118706089, 0.195085324, 0.129563568, 0.070223271, 0.000000000, 0.000000000, 0.000000000, 0.000000000, 0.000000000, 0.000000000, 0.000000000, 0.000000000, 0.000000000, 0.000000000
 0.000000000, 0.000000000, 0.000000000, 0.000000000, 0.000000000, 0.000000000, 0.000000000, 0.000000000, 0.000000000, 0.000000000, 0.000000000, 0.000000000, 0.000000000, 0.000000000, 0.000000000, 0.000000000, 0.000000000, 0.000000000, 0.000000000, 0.000000000, 0.000000000, 0.006953390, 0.053993420, 0.116016015, 0.208260184, 0.220396932, 0.216194850, 0.209821687, 0.172683559, 0.136737879, 0.162632213, 0.166910765, 0.000000000, 0.000000000, 0.000000000, 0.000000000, 0.000000000, 0.000000000, 0.000000000, 0.000000000, 0.000000000, 0.000000000, 0.000000000, 0.000000000
 0.000000000, 0.000000000, 0.000000000, 0.000000000, 0.000000000, 0.000000000, 0.000000000, 0.000000000, 0.000000000, 0.000000000, 0.036062517, 0.060130160, 0.000000000, 0.000000000, 0.000000000, 0.000000000, 0.000000000, 0.000000000, 0.000000000, 0.000000000, 0.000000000, 0.006782044, 0.014275419, 0.091703177, 0.141975184, 0.162876281, 0.166262521, 0.152703125, 0.000000000, 0.000000000, 0.155911109, 0.174424986, 0.000000000, 0.000000000, 0.000000000, 0.000000000, 0.000000000, 0.000000000, 0.000000000, 0.000000000, 0.000000000, 0.000000000, 0.000000000, 0.000000000
 0.000000000, 0.000000000, 0.000000000, 0.000000000, 0.000000000, 0.000000000, 0.000000000, 0.000000000, 0.000000000, 0.000000000, 0.000000000, 0.000000000, 0.000000000, 0.000000000, 0.000000000, 0.000000000, 0.000000000, 0.000000000, 0.000000000, 0.000000000, 0.000000000, 0.000000000, 0.000000000, 0.000000000, 0.152403428, 0.127044816, 0.138669450, 0.131602219, 0.074799662, 0.000000000, 0.060323493, 0.095733262, 0.000000000, 0.000000000, 0.000000000, 0.000000000, 0.000000000, 0.000000000, 0.000000000, 0.000000000, 0.000000000, 0.000000000, 0.000000000, 0.000000000
 0.000000000, 0.000000000, 0.000000000, 0.018379302, 0.131826012, 0.117170640, 0.000000000, 0.139410631, 0.121927401, 0.000000000, 0.000000000, 0.000000000, 0.000000000, 0.000000000, 0.000000000, 0.000000000, 0.000000000, 0.000000000, 0.000000000, 0.000000000, 0.000000000, 0.000000000, 0.000000000, 0.000000000, 0.161963866, 0.130875753, 0.131800473, 0.138894969, 0.080093567, 0.000000000, 0.000000000, 0.000000000, 0.000000000, 0.000000000, 0.000000000, 0.000000000, 0.000000000, 0.000000000, 0.000000000, 0.000000000, 0.000000000, 0.000000000, 0.000000000, 0.000000000
 0.000000000, 0.000000000, 0.000000000, 0.000000000, 0.000000000, 0.000000000, 0.000000000, 0.000000000, 0.000000000, 0.010639588, 0.010510133, 0.000000000, 0.000000000, 0.000000000, 0.000000000, 0.000000000, 0.000000000, 0.000000000, 0.000000000, 0.000000000, 0.000000000, 0.000000000, 0.031895643, 0.143185814, 0.267700050, 0.227671108, 0.121285717, 0.109724236, 0.087611748, 0.000000000, 0.000000000, 0.000000000, 0.000000000, 0.000000000, 0.000000000, 0.000000000, 0.000000000, 0.000000000, 0.000000000, 0.000000000, 0.000000000, 0.000000000, 0.000000000, 0.000000000
 0.000000000, 0.000000000, 0.000000000, 0.000000000, 0.000000000, 0.000000000, 0.000000000, 0.000000000, 0.000000000, 0.005590878, 0.005091324, 0.000000000, 0.000000000, 0.000000000, 0.000000000, 0.000000000, 0.000000000, 0.000000000, 0.000000000, 0.000000000, 0.000000000, 0.000000000, 0.108353923, 0.259472318, 0.439048971, 0.344716994, 0.181264889, 0.144079763, 0.120283113, 0.051952096, 0.115339771, 0.113379900, 0.000000000, 0.000000000, 0.000000000, 0.000000000, 0.000000000, 0.114037487, 0.209741586, 0.141982795, 0.070659268, 0.000000000, 0.000000000, 0.000000000
 0.000000000, 0.000000000, 0.000000000, 0.000000000, 0.000000000, 0.000000000, 0.000000000, 0.000000000, 0.017781138, 0.034872979, 0.015068468, 0.000000000, 0.000000000, 0.000000000, 0.000000000, 0.000000000, 0.000000000, 0.000000000, 0.000000000, 0.000000000, 0.000000000, 0.022172094, 0.177525324, 0.397176229, 0.443711303, 0.316418088, 0.184060133, 0.136993255, 0.106509196, 0.101202686, 0.185835683, 0.133525844, 0.000000000, 0.000000000, 0.000000000, 0.113250903, 0.086217268, 0.232528598, 0.349121600, 0.247482797, 0.072364849, 0.000000000, 0.000000000, 0.000000000
 0.000000000, 0.000000000, 0.018940025, 0.016866291, 0.000000000, 0.000000000, 0.163641040, 0.123484523, 0.004260503, 0.023538606, 0.018264560, 0.002753201, 0.000000000, 0.000000000, 0.000000000, 0.000000000, 0.000000000, 0.000000000, 0.000000000, 0.000000000, 0.000000000, 0.023954459, 0.152514022, 0.138978815, 0.237164641, 0.234324363, 0.152679771, 0.129436461, 0.103603441, 0.109688972, 0.191916831, 0.187421790, 0.070906296, 0.000000000, 0.000000000, 0.000000000, 0.158552240, 0.409409365, 0.554880704, 0.300008507, 0.073119100, 0.000000000, 0.000000000, 0.000000000
 0.000000000, 0.028585450, 0.026211094, 0.020394289, 0.007936220, 0.000000000, 0.033028175, 0.026955533, 0.000000000, 0.000000000, 0.000000000, 0.000000000, 0.000000000, 0.000000000, 0.000000000, 0.000000000, 0.000000000, 0.000000000, 0.000000000, 0.000000000, 0.000000000, 0.022294253, 0.131301426, 0.185630923, 0.177806558, 0.182883536, 0.176655870, 0.147860241, 0.123390065, 0.122962247, 0.148517003, 0.160815568, 0.097816723, 0.000000000, 0.213025108, 0.102068436, 0.274234952, 0.337283426, 0.275242312, 0.151536500, 0.054081598, 0.000000000, 0.000000000, 0.000000000
 0.000000000, 0.000000000, 0.000000000, 0.000000000, 0.022731805, 0.024322793, 0.000000000, 0.000000000, 0.000000000, 0.000000000, 0.008453442, 0.010517323, 0.000000000, 0.000000000, 0.000000000, 0.000000000, 0.000000000, 0.000000000, 0.000000000, 0.000000000, 0.000000000, 0.024156062, 0.219765970, 0.000000000, 0.184127377, 0.313129650, 0.144312750, 0.113376615, 0.225264031, 0.254072166, 0.142921241, 0.000000000, 0.000000000, 0.000000000, 0.421167001, 0.419846867, 0.575237355, 0.388623059, 0.301570538, 0.221521780, 0.081598021, 0.000000000, 0.000000000, 0.000000000
 0.000000000, 0.000000000, 0.000000000, 0.000000000, 0.000000000, 0.000000000, 0.000000000, 0.010417717, 0.009864957, 0.064253535, 0.051565097, 0.001214886, 0.001905683, 0.000000000, 0.000000000, 0.000000000, 0.000000000, 0.000000000, 0.000000000, 0.000000000, 0.000000000, 0.020259288, 0.115189286, 0.000000000, 0.232443804, 0.374365512, 0.175470891, 0.000000000, 0.000000000, 0.000000000, 0.000000000, 0.000000000, 0.000000000, 0.348662863, 0.405406411, 0.395213793, 0.580310985, 0.422148392, 0.312178908, 0.153722866, 0.066057065, 0.000000000, 0.000000000, 0.000000000
 0.000000000, 0.000000000, 0.007100549, 0.004622492, 0.000000000, 0.026859635, 0.060435726, 0.092456269, 0.063224560, 0.044919518, 0.035135114, 0.000000000, 0.000000000, 0.000000000, 0.000000000, 0.000000000, 0.000000000, 0.000000000, 0.000000000, 0.000000000, 0.000000000, 0.046892354, 0.102909936, 0.000000000, 0.175606422, 0.303825795, 0.148844725, 0.137780826, 0.265623703, 0.262100348, 0.138144518, 0.000000000, 0.000000000, 0.254094743, 0.270492420, 0.264510436, 0.446282484, 0.384480772, 0.291382584, 0.143138192, 0.062728633, 0.000000000, 0.000000000, 0.000000000
 0.000000000, 0.000000000, 0.000000000, 0.009108458, 0.017287751, 0.025706728, 0.078634748, 0.175628085, 0.111238992, 0.013536043, 0.010491900, 0.000000000, 0.000000000, 0.000000000, 0.000000000, 0.000000000, 0.000000000, 0.000000000, 0.000000000, 0.000000000, 0.000000000, 0.000000000, 0.059190292, 0.201540121, 0.232034367, 0.391498024, 0.383080144, 0.199206362, 0.261377322, 0.259545636, 0.205902552, 0.194788038, 0.192422281, 0.334434755, 0.216486227, 0.000000000, 0.175177567, 0.334023710, 0.256520139, 0.119863156, 0.043471011, 0.000000000, 0.000000000, 0.000000000
 0.000000000, 0.000000000, 0.000000000, 0.000000000, 0.000000000, 0.000000000, 0.000000000, 0.015226773, 0.028195826, 0.047750818, 0.027571010, 0.000000000, 0.000000000, 0.000000000, 0.000000000, 0.000000000, 0.000000000, 0.000000000, 0.000000000, 0.000000000, 0.000000000, 0.000000000, 0.093260034, 0.151727789, 0.200625779, 0.411964128, 0.382227880, 0.284400567, 0.203049968, 0.214591958, 0.261706980, 0.267951664, 0.292615206, 0.517881199, 0.330293178, 0.000000000, 0.219789154, 0.452323487, 0.356472836, 0.113677268, 0.000000000, 0.000000000, 0.000000000, 0.000000000
 0.000000000, 0.000000000, 0.031907946, 0.019515000, 0.000000000, 0.000000000, 0.004661849, 0.004963633, 0.000000000, 0.015728449, 0.022177941, 0.011884034, 0.000000000, 0.000000000, 0.000000000, 0.000000000, 0.000000000, 0.000000000, 0.000000000, 0.000000000, 0.000000000, 0.043455233, 0.300138982, 0.000000000, 0.351023662, 1.050681514, 1.272073195, 0.562001039, 0.000000000, 0.000000000, 0.000000000, 0.000000000, 0.000000000, 0.677415542, 0.637083218, 0.000000000, 0.388426408, 0.716886814, 0.536243194, 0.261212356, 0.099805411, 0.000000000, 0.000000000, 0.000000000
 0.000000000, 0.000000000, 0.049196365, 0.038468916, 0.003978015, 0.005480121, 0.006572396, 0.000000000, 0.000000000, 0.000000000, 0.000000000, 0.000000000, 0.000000000, 0.000000000, 0.000000000, 0.000000000, 0.000000000, 0.000000000, 0.000000000, 0.000000000, 0.000000000, 0.031272266, 0.312250705, 0.000000000, 0.445565974, 1.318837903, 1.625384688, 0.832280644, 0.000000000, 0.459481171, 0.481567230, 0.000000000, 0.000000000, 1.162005965, 1.098602779, 0.000000000, 0.755012763, 1.161747560, 0.726857101, 0.382031631, 0.169896719, 0.000000000, 0.000000000, 0.000000000
 0.000000000, 0.140094417, 0.059526190, 0.000000000, 0.001399318, 0.001033770, 0.004889972, 0.007734363, 0.000000000, 0.000000000, 0.000000000, 0.000000000, 0.000000000, 0.000000000, 0.000000000, 0.000000000, 0.000000000, 0.000000000, 0.000000000, 0.000000000, 0.000000000, 0.022022640, 0.233832661, 0.273652936, 0.356713601, 1.001800280, 1.261968212, 0.746664865, 0.000000000, 0.932981276, 1.074278593, 0.000000000, 0.000000000, 1.312384931, 1.214370648, 0.000000000, 0.487210222, 0.822767952, 0.640125027, 0.334279532, 0.092735389, 0.000000000, 0.000000000, 0.000000000
 0.000000000, 0.000000000, 0.004669676, 0.010318775, 0.028367176, 0.035455664, 0.027162254, 0.035743882, 0.036738472, 0.024683860, 0.006673591, 0.000000000, 0.000000000, 0.000000000, 0.000000000, 0.000000000, 0.000000000, 0.000000000, 0.000000000, 0.000000000, 0.000000000, 0.000000000, 0.000000000, 0.000000000, 0.216548743, 0.608033158, 0.804761389, 0.452567595, 0.000000000, 0.559356933, 0.702886680, 0.385636582, 0.401434851, 0.887273439, 0.817923589, 0.191565468, 0.441608962, 0.488602551, 0.386462737, 0.205882613, 0.062288139, 0.000000000, 0.000000000, 0.000000000
 0.000000000, 0.000000000, 0.008142738, 0.010530921, 0.037538719, 0.159137816, 0.109484124, 0.011967012, 0.008381247, 0.000000000, 0.000000000, 0.000000000, 0.000000000, 0.000000000, 0.000000000, 0.000000000, 0.000000000, 0.000000000, 0.000000000, 0.000000000, 0.000000000, 0.000000000, 0.000000000, 0.000000000, 0.146681546, 0.458736954, 0.650843771, 0.513782217, 0.288886184, 0.466078852, 0.633359345, 0.703462500, 0.504140209, 0.543465618, 0.479856752, 0.112566220, 0.285194007, 0.331222250, 0.261046037, 0.140597809, 0.058368196, 0.000000000, 0.000000000, 0.000000000
 0.000000000, 0.000000000, 0.000000000, 0.000000000, 0.007487923, 0.007831460, 0.005251025, 0.009218089, 0.003960850, 0.009375699, 0.007642079, 0.000000000, 0.000000000, 0.000000000, 0.000000000, 0.000000000, 0.000000000, 0.000000000, 0.000000000, 0.000000000, 0.000000000, 0.000000000, 0.000000000, 0.000000000, 0.152363860, 0.528341169, 0.730938552, 0.762180284, 0.354595872, 0.375286587, 0.465902844, 0.524484745, 1.157251215, 0.902803066, 0.393641595, 0.222550094, 0.282806460, 0.326334183, 0.258690600, 0.136883750, 0.058629099, 0.000000000, 0.000000000, 0.000000000
 0.000000000, 0.000000000, 0.047552762, 0.077805332, 0.045544595, 0.007818563, 0.011741587, 0.017696704, 0.012276376, 0.001796929, 0.001666554, 0.000000000, 0.000000000, 0.000000000, 0.000000000, 0.000000000, 0.000000000, 0.000000000, 0.000000000, 0.000000000, 0.000000000, 0.041412050, 0.000000000, 0.000000000, 0.183390849, 0.648703600, 0.882503133, 0.919819051, 0.434854005, 0.438998472, 0.805407716, 0.927474746, 1.407926714, 1.491729545, 0.824012219, 0.283836871, 0.350459190, 0.395922926, 0.297790184, 0.144567596, 0.060780604, 0.000000000, 0.000000000, 0.000000000
 0.000000000, 0.000000000, 0.000000000, 0.000000000, 0.000000000, 0.000000000, 0.000000000, 0.000000000, 0.000000000, 0.000000000, 0.000000000, 0.000000000, 0.000000000, 0.000000000, 0.000000000, 0.000000000, 0.000000000, 0.000000000, 0.000000000, 0.000000000, 0.000000000, 0.043526921, 0.000000000, 0.000000000, 0.233165003, 0.825276983, 1.145589613, 1.183931304, 0.562818681, 0.605412369, 0.711045156, 0.813647296, 1.891831697, 1.996157097, 0.880240091, 0.197878177, 0.456916238, 0.488724638, 0.378133710, 0.182999223, 0.064238290, 0.000000000, 0.000000000, 0.000000000
 0.000000000, 0.000000000, 0.018859717, 0.013428944, 0.000000000, 0.029081574, 0.023116400, 0.000000000, 0.000000000, 0.000000000, 0.000000000, 0.000000000, 0.000000000, 0.000000000, 0.000000000, 0.000000000, 0.000000000, 0.000000000, 0.000000000, 0.000000000, 0.000000000, 0.024000906, 0.000000000, 0.199554010, 0.596907760, 1.169294964, 1.632700174, 1.666825797, 1.317995959, 1.397881982, 1.092352140, 1.396584619, 3.393200428, 3.615700247, 1.505563052, 0.292737911, 0.616533731, 0.684541770, 0.541022145, 0.246737758, 0.088569335, 0.000000000, 0.000000000, 0.000000000
 0.000000000, 0.040892342, 0.078931905, 0.036793712, 0.000000000, 0.000000000, 0.000000000, 0.000000000, 0.000000000, 0.000000000, 0.000000000, 0.000000000, 0.000000000, 0.000000000, 0.000000000, 0.000000000, 0.000000000, 0.000000000, 0.000000000, 0.000000000, 0.000000000, 0.034958150, 0.000000000, 0.000000000, 0.510946165, 1.826929524, 2.481515825, 3.127249744, 3.701260274, 4.006412641, 3.360349306, 3.972176077, 6.468931113, 4.667788724, 0.524976885, 0.000000000, 0.794658815, 1.280382644, 0.871914709, 0.296352598, 0.000000000, 0.000000000, 0.000000000, 0.000000000
 0.000000000, 0.000000000, 0.000000000, 0.000000000, 0.004218378, 0.004656980, 0.000000000, 0.000000000, 0.000000000, 0.000000000, 0.000000000, 0.000000000, 0.000000000, 0.000000000, 0.000000000, 0.000000000, 0.000000000, 0.000000000, 0.000000000, 0.000000000, 0.000000000, 0.038938984, 0.000000000, 0.000000000, 0.787871312, 3.096700698, 4.966153581, 5.998423154, 7.091419598, 7.673511334, 5.910545742, 6.017273626, 8.645568949, 8.010498202, 3.946075510, 0.000000000, 0.286276675, 1.956326928, 1.577135564, 0.273231945, 0.000000000, 0.000000000, 0.000000000, 0.000000000
 0.000000000, 0.000000000, 0.000000000, 0.000000000, 0.000000000, 0.000000000, 0.000000000, 0.000000000, 0.000000000, 0.000000000, 0.000000000, 0.000000000, 0.000000000, 0.000000000, 0.000000000, 0.000000000, 0.000000000, 0.000000000, 0.000000000, 0.000000000, 0.000000000, 0.053437498, 0.000000000, 0.000000000, 1.398645068, 5.644742087, 8.582884399, 9.023558464, 9.620319762, 9.626767478, 6.915299415, 6.367822344, 7.915738990, 7.357458607, 5.937579060, 0.000000000, 0.686857187, 1.790430122, 2.216605064, 0.000000000, 0.000000000, 0.000000000, 0.000000000, 0.000000000
 0.000000000, 0.000000000, 0.118214307, 0.096014108, 0.061763971, 0.041795087, 0.030863840, 0.015836570, 0.000000000, 0.006120335, 0.005524736, 0.000000000, 0.000000000, 0.000000000, 0.000000000, 0.000000000, 0.000000000, 0.000000000, 0.000000000, 0.000000000, 0.000000000, 0.106268385, 0.000000000, 0.000000000, 0.000000000, 4.664926651, 8.253319506, 7.921524261, 7.987565118, 7.964955037, 3.607075695, 3.018961817, 5.249185768, 4.805088087, 4.039341816, 0.857928284, 1.535187443, 2.783533487, 2.208800587, 0.000000000, 0.000000000, 0.000000000, 0.000000000, 0.000000000
 0.000000000, 0.000000000, 0.000000000, 0.000000000, 0.008784979, 0.006711955, 0.004894691, 0.005829267, 0.000000000, 0.000000000, 0.000000000, 0.000000000, 0.000000000, 0.000000000, 0.000000000, 0.000000000, 0.000000000, 0.000000000, 0.000000000, 0.000000000, 0.000000000, 0.110543550, 0.000000000, 0.000000000, 0.000000000, 3.619046526, 5.394386556, 5.003972062, 5.086178842, 5.092217063, 2.381208408, 2.006941641, 3.671616786, 3.597651124, 2.971944463, 0.923753798, 1.053437924, 1.474901587, 1.678397270, 0.000000000, 0.000000000, 0.000000000, 0.000000000, 0.000000000
 0.000000000, 0.039475333, 0.023280819, 0.000000000, 0.000000000, 0.000000000, 0.000000000, 0.000000000, 0.000000000, 0.002305807, 0.003985716, 0.000000000, 0.000000000, 0.000000000, 0.000000000, 0.000000000, 0.000000000, 0.000000000, 0.000000000, 0.000000000, 0.000000000, 0.068256916, 0.000000000, 0.000000000, 0.000000000, 2.659873102, 4.128287502, 4.157779060, 4.362669934, 4.546721917, 4.430180552, 4.119957432, 3.999329814, 3.846671461, 2.824332399, 0.624576692, 0.799549832, 0.917956114, 1.045059660, 0.631958256, 0.000000000, 0.000000000, 0.000000000, 0.000000000
 0.000000000, 0.000000000, 0.000000000, 0.000000000, 0.000000000, 0.000000000, 0.000000000, 0.000000000, 0.000000000, 0.000000000, 0.000000000, 0.000000000, 0.000000000, 0.000000000, 0.000000000, 0.000000000, 0.000000000, 0.000000000, 0.000000000, 0.000000000, 0.000000000, 0.074765438, 0.000000000, 0.000000000, 2.515303012, 4.790930805, 4.314666197, 4.083844794, 4.310585488, 4.825629731, 4.815526694, 4.307815937, 4.075893919, 3.913399695, 2.767691855, 0.618724640, 0.812751688, 0.991405999, 0.857481953, 0.966674856, 0.580113420, 0.000000000, 0.000000000, 0.000000000
 0.000000000, 0.063219874, 0.023526005, 0.000000000, 0.000000000, 0.000000000, 0.000000000, 0.000000000, 0.000000000, 0.000000000, 0.000000000, 0.000000000, 0.000000000, 0.000000000, 0.000000000, 0.000000000, 0.000000000, 0.000000000, 0.000000000, 0.000000000, 0.000000000, 0.000000000, 0.000000000, 0.953132206, 3.845165824, 4.932246293, 4.355867629, 4.214790752, 4.507699584, 4.751845852, 4.489677139, 4.226717417, 4.465209714, 3.812384287, 2.682117765, 1.096736968, 1.156660795, 1.051343351, 0.909054077, 0.665199957, 0.161278401, 0.000000000, 0.000000000, 0.000000000
 0.000000000, 0.060463015, 0.027215239, 0.000000000, 0.000000000, 0.000000000, 0.000000000, 0.000000000, 0.000000000, 0.000000000, 0.001800505, 0.001752132, 0.000000000, 0.000000000, 0.000000000, 0.000000000, 0.000000000, 0.000000000, 0.000000000, 0.000000000, 0.000000000, 0.068708012, 0.000000000, 0.000000000, 2.532036374, 5.315140395, 5.192199756, 5.396522380, 5.973767638, 5.834905247, 5.541812086, 5.524722785, 5.397827081, 5.054197460, 3.434153625, 0.727574117, 0.927156738, 1.041832021, 0.927096057, 0.938731089, 0.432588490, 0.000000000, 0.000000000, 0.000000000
 0.000000000, 0.152063870, 0.119530397, 0.069799863, 0.000000000, 0.000000000, 0.000000000, 0.000000000, 0.000000000, 0.000000000, 0.000000000, 0.000000000, 0.000000000, 0.000000000, 0.000000000, 0.000000000, 0.000000000, 0.000000000, 0.000000000, 0.000000000, 0.000000000, 0.061580073, 0.000000000, 0.000000000, 1.525876986, 4.684963067, 6.921731650, 8.613955190, 9.945104157,10.091156404, 9.845085001, 9.825755142, 8.676741758, 6.875197224, 4.606154359, 1.537598525, 1.649831658, 1.428219381, 1.103340177, 1.364941935, 0.713720693, 0.000000000, 0.000000000, 0.000000000
 0.000000000, 0.000000000, 0.000000000, 0.000000000, 0.000000000, 0.000000000, 0.000000000, 0.000000000, 0.000000000, 0.000000000, 0.000000000, 0.000000000, 0.000000000, 0.000000000, 0.000000000, 0.000000000, 0.000000000, 0.000000000, 0.000000000, 0.000000000, 0.000000000, 0.000000000, 0.487764205, 1.343889876, 1.974609358, 7.558206755,13.759625989,17.538193901,20.129599623,20.591543372,20.417256593,19.845020043,13.682032735, 3.987753059, 0.631019716, 1.045240450, 1.367749836, 1.438576646, 1.030175716, 0.849966168, 0.388512212, 0.000000000, 0.000000000, 0.000000000
 0.000000000, 0.000000000, 0.000000000, 0.000000000, 0.000000000, 0.000000000, 0.000000000, 0.000000000, 0.000000000, 0.000000000, 0.000000000, 0.000000000, 0.000000000, 0.000000000, 0.000000000, 0.000000000, 0.000000000, 0.000000000, 0.000000000, 0.000000000, 0.000000000, 0.000000000, 0.000000000, 3.216595255, 0.000000000, 9.100819155,20.934601553,24.357191871,27.270694486,28.349307548,27.502750458,21.103184992,17.075635838,12.054287241, 0.000000000, 2.541106690, 2.068501549, 1.945912958, 1.532121309, 1.831598455, 1.960017387, 0.000000000, 0.000000000, 0.000000000
 0.000000000, 0.000000000, 0.000000000, 0.000000000, 0.000000000, 0.000000000, 0.000000000, 0.000000000, 0.000000000, 0.000000000, 0.000000000, 0.000000000, 0.000000000, 0.000000000, 0.000000000, 0.000000000, 0.000000000, 0.000000000, 0.000000000, 0.000000000, 0.000000000, 0.000000000, 0.000000000, 2.102227516, 9.828357417,21.525103989,26.848087216,24.422352762,24.119329808,22.680260171,21.673215417,21.388334064,22.880646848,18.806676027, 0.000000000, 1.831718894, 2.511329990, 2.425601127, 1.719414820, 1.946436850, 1.034917810, 0.000000000, 0.000000000, 0.000000000
 0.000000000, 0.000000000, 0.000000000, 0.000000000, 0.000000000, 0.000000000, 0.000000000, 0.000000000, 0.000000000, 0.000000000, 0.000000000, 0.000000000, 0.000000000, 0.000000000, 0.000000000, 0.000000000, 0.000000000, 0.000000000, 0.000000000, 0.000000000, 0.000000000, 0.000000000, 0.000000000, 0.000000000, 6.229296431,20.947434043,26.095760838,25.286785467,24.181906740,22.844455069,21.907360827,21.090140824,20.762068175,15.591006681, 0.000000000, 2.918383146, 3.775414542, 3.256101921, 3.088958163, 3.069355675, 1.973571769, 0.000000000, 0.000000000, 0.000000000
 0.000000000, 0.000000000, 0.000000000, 0.000000000, 0.000000000, 0.000000000, 0.000000000, 0.000000000, 0.000000000, 0.000000000, 0.000000000, 0.000000000, 0.000000000, 0.000000000, 0.000000000, 0.000000000, 0.000000000, 0.000000000, 0.000000000, 0.000000000, 0.000000000, 0.000000000, 0.000000000, 0.000000000, 0.000000000, 6.393361546,13.556292519,15.048413013,14.288370166,13.549556860,13.129952685,12.846673158,13.921413010,16.699994885, 9.694981570, 0.000000000, 2.078008134, 4.204825244, 5.191019544, 2.055848442, 0.000000000, 0.000000000, 0.000000000, 0.000000000
 0.000000000, 0.000000000, 0.000000000, 0.000000000, 0.000000000, 0.000000000, 0.000000000, 0.000000000, 0.000000000, 0.000000000, 0.000000000, 0.000000000, 0.000000000, 0.000000000, 0.000000000, 0.000000000, 0.000000000, 0.000000000, 0.000000000, 0.000000000, 0.000000000, 0.000000000, 0.000000000, 0.000000000, 6.056217076,14.920471960,14.948425870,12.632801126,11.994029854,11.438620267,11.181207891,11.274300780,11.465664824,13.331663566, 8.046616224, 4.208474463,12.927019311,18.438055090,13.868838265, 3.953447534, 0.000000000, 0.000000000, 0.000000000, 0.000000000
 0.000000000, 0.000000000, 0.000000000, 0.000000000, 0.000000000, 0.000000000, 0.000000000, 0.000000000, 0.000000000, 0.000000000, 0.000000000, 0.000000000, 0.000000000, 0.000000000, 0.000000000, 0.000000000, 0.000000000, 0.000000000, 0.000000000, 0.000000000, 0.000000000, 0.000000000, 0.000000000, 0.000000000, 0.000000000, 7.640134886, 9.183185029, 8.321194512, 8.123423168, 7.774890950, 7.625555344, 8.066524116, 9.031940386,10.723960390,13.132356052,12.294506449,17.136271813,27.519156986,18.829602812, 0.000000000, 0.000000000, 0.000000000, 0.000000000, 0.000000000
 0.000000000, 0.000000000, 0.000000000, 0.000000000, 0.000000000, 0.000000000, 0.000000000, 0.000000000, 0.010329016, 0.010915807, 0.000000000, 0.000000000, 0.000000000, 0.000000000, 0.000000000, 0.000000000, 0.000000000, 0.000000000, 0.000000000, 0.000000000, 0.000000000, 0.000000000, 0.000000000, 0.000000000, 5.525307037,11.381764802,11.057117285,10.019826089, 9.627802196, 9.336007114, 9.479449361, 9.899438595,10.349025175,10.982301854,12.322701944,16.472252407,10.753025809,21.027009051,16.476585967,13.446592285, 0.000000000, 0.000000000, 0.000000000, 0.000000000
 0.000000000, 0.000000000, 0.000000000, 0.000000000, 0.000000000, 0.000000000, 0.000000000, 0.000000000, 0.000000000, 0.000000000, 0.000000000, 0.000000000, 0.000000000, 0.000000000, 0.000000000, 0.000000000, 0.000000000, 0.000000000, 0.000000000, 0.000000000, 0.000000000, 0.000000000, 0.000000000, 0.000000000, 3.742451303, 7.419081357, 7.950648891, 7.815171084, 7.568318160, 7.352082279, 7.229855505, 6.771447703, 6.656113633, 6.965391667, 7.937374989,10.071441627,12.940229552,14.679442471,18.110914262,22.625038918,22.426465558, 0.000000000, 0.000000000, 0.000000000
 0.000000000, 0.000000000, 0.014047945, 0.007659591, 0.000000000, 0.000000000, 0.000000000, 0.000000000, 0.000000000, 0.000000000, 0.000000000, 0.000000000, 0.000000000, 0.000000000, 0.000000000, 0.000000000, 0.000000000, 0.000000000, 0.000000000, 0.000000000, 0.000000000, 0.000000000, 0.000000000, 4.204057826, 4.381282394,10.076458864, 9.480216508, 7.954441512, 7.614816301, 7.104342467, 6.994698574, 7.414770326, 8.129128010, 9.132258957,10.476753794,12.156044518,15.074186537,16.631191796,19.022203319,22.956571410, 5.512779043, 4.142535107, 0.000000000, 0.000000000
 0.000000000, 0.000000000, 0.000000000, 0.000000000, 0.000000000, 0.000000000, 0.000000000, 0.000000000, 0.000000000, 0.000000000, 0.000000000, 0.000000000, 0.000000000, 0.000000000, 0.000000000, 0.000000000, 0.000000000, 0.000000000, 0.000000000, 0.000000000, 0.000000000, 0.000000000, 1.114290358, 5.473600953,14.770700388,12.403502115,10.951808537,10.223136112, 9.582472901, 9.332305220, 8.876124706, 8.586977489, 8.479974940, 8.223800065, 8.547142405, 9.517125433,10.638816651,11.329089696,11.958415083,12.383986390, 5.633083157, 1.972497308, 0.000000000, 0.000000000
 0.000000000, 0.000000000, 0.000000000, 0.000000000, 0.000000000, 0.000000000, 0.000000000, 0.000000000, 0.000000000, 0.000000000, 0.000000000, 0.000000000, 0.000000000, 0.000000000, 0.000000000, 0.000000000, 0.000000000, 0.000000000, 0.000000000, 0.000000000, 0.000000000, 0.000000000, 0.000000000, 0.000000000, 6.716230208, 7.099777329, 7.464282990, 7.232756693, 6.773965359, 6.367251976, 6.323600112, 6.253606743, 6.755621224, 7.802327470, 8.507447535, 8.303006811, 8.004582055,11.075657942,14.558663408,14.815651354,15.857355825, 0.000000000, 0.000000000, 0.000000000
 0.000000000, 0.000000000, 0.000000000, 0.000000000, 0.000000000, 0.000000000, 0.000000000, 0.000000000, 0.000000000, 0.000000000, 0.000000000, 0.000000000, 0.000000000, 0.000000000, 0.000000000, 0.000000000, 0.000000000, 0.000000000, 0.000000000, 0.000000000, 0.000000000, 0.000000000, 0.000000000,10.946832216,19.040212776,17.610856119,13.814658917,11.676727334,11.041775669,10.770391233,10.682034094,11.789972025,12.708036864,13.742775184,15.045933655,16.155061973,17.172834437,18.028213326,17.316181030,18.675808694,18.278003800, 0.000000000, 0.000000000, 0.000000000
 0.000000000, 0.000000000, 0.000000000, 0.000000000, 0.000000000, 0.000000000, 0.000000000, 0.220445090, 0.400536282, 0.421576458, 0.000000000, 0.000000000, 0.000000000, 0.000000000, 0.000000000, 0.000000000, 0.000000000, 0.000000000, 0.000000000, 0.000000000, 0.000000000, 0.000000000, 1.282069546,10.159393630,17.516514312,19.031733156,17.922204299,16.930615163,16.409148546,15.869398190,15.648010674,15.173487271,15.191333377,14.927940846,14.542856529,14.298851488,13.876313459,12.324083940,10.050328043, 9.557914165, 9.484298744, 5.240294740, 0.000000000, 0.000000000
 0.000000000, 0.000000000, 0.000000000, 0.000000000, 0.000000000, 0.000000000, 0.000000000, 0.000000000, 0.000000000, 0.000000000, 0.000000000, 0.000000000, 0.063176694, 0.095009356, 0.000000000, 0.000000000, 0.000000000, 0.000000000, 0.000000000, 0.000000000, 0.002152677, 0.091842472, 1.168111292, 5.164637725, 5.705468185, 3.722470026, 3.495043744, 3.451194859, 3.354017732, 3.367960863, 3.559413286, 3.696881378, 3.656087353, 3.798623785, 3.844126522, 4.075799659, 3.900508222, 6.321740067, 9.883460460, 9.662692885, 9.547697343, 9.188543654, 6.416799362, 0.000000000
 0.000000000, 0.093221143, 0.067132613, 0.031132625, 0.000000000, 0.000000000, 0.000000000, 0.000000000, 0.049918826, 0.090519420, 0.031689594, 0.000000000, 0.167915481, 0.313132547, 0.000000000, 0.000000000, 0.000000000, 0.000000000, 0.000000000, 0.000000000, 0.000000000, 0.095596290, 3.093441192,15.643358947,21.140686206,15.877721485,11.216377692, 9.395987932, 9.068796408, 8.902181915, 8.999202306,10.178538233,12.018729504,13.810855671, 5.793890919, 5.972594263, 6.341600657, 9.470074072,16.636003708,20.298963724,19.926958220,19.423726001,15.317883528, 0.000000000
 0.000000000, 0.384344797, 0.228329773, 0.048878321, 0.025618179, 0.037084647, 0.016835737, 0.026072266, 0.246646657, 0.678989114, 0.371072650, 0.085601768, 0.668319139, 1.658078492, 0.673949978, 0.049119399, 0.000000000, 0.000000000, 0.000000000, 0.000000000, 0.000000000, 0.084281031, 4.534471454,22.821105051,34.010819705,30.696620038,24.895093192,21.730360418,19.940893714,18.417940501,19.237639957,20.906316310,22.047885976,23.977920866, 9.487453854, 9.900478513,10.129009593,13.537063201,21.418889688,25.170120387,22.997250810,19.079129028,14.058352056, 0.000000000
 0.000000000, 0.000000000, 0.012974604, 0.114300914, 0.139123335, 0.144995554, 0.135694336, 0.116000385, 0.278834369, 0.960444771, 0.727996291, 0.130306656, 0.510980739, 2.502743381, 1.548321715, 0.177771207, 0.000000000, 0.000000000, 0.000000000, 0.000000000, 0.000000000, 0.092692029, 4.464263780,22.171870182,31.463176227,28.045434675,25.465549266,24.181409247,24.335610893,23.856624024,22.684200102,23.149410641,23.877696413,23.465094662, 8.440626094, 8.179183053, 7.742960898, 8.751396747,11.728849639,12.340482214, 9.928414309, 7.465304170, 5.759425619, 0.000000000
 0.000000000, 0.150441224, 0.174087646, 0.080102738, 0.071012709, 0.136858432, 0.193047685, 0.104009023, 0.100371204, 0.213982652, 0.238990153, 0.115756549, 0.334065818, 0.669495181, 0.189899239, 0.000000000, 0.000000000, 0.000000000, 0.000000000, 0.000000000, 0.000000000, 0.063295823, 1.576909365, 7.833577426,10.508669028, 9.809838702,12.496630839,12.975355288,12.008836061,12.104068968,12.402546850,11.345330909,10.255347066, 9.726565076, 4.298420917, 4.296733887, 4.011767375, 4.662580274, 5.332400599, 4.419341837, 3.251172929, 2.893676064, 2.909111385, 0.000000000
 0.000000000, 0.140174450, 0.376637965, 0.553664967, 0.350991328, 0.192499430, 0.180842067, 0.145555803, 0.162368493, 0.197487880, 0.080463598, 0.000000000, 0.164446173, 0.741537205, 0.248801107, 0.000000000, 0.000000000, 0.000000000, 0.000000000, 0.000000000, 0.000000000, 0.000000000, 0.380580438, 1.374033173, 0.613550807, 4.074688823, 4.422939513, 4.535463241, 4.850049224, 4.858773725, 4.757821446, 5.028505584, 5.774523864, 6.594673581, 7.286615348, 7.695054798, 7.610706400, 7.336089726, 8.003681757, 8.632809363, 6.625148927, 6.773768465, 8.939350761, 0.000000000
 0.000000000, 0.000000000, 0.202285190, 0.806239637, 0.479934963, 0.000000000, 0.000000000, 0.000000000, 0.000000000, 0.133908554, 0.131709420, 0.000000000, 0.361597232, 1.902344098, 0.967924583, 0.000000000, 0.000000000, 0.000000000, 0.000000000, 0.000000000, 0.000000000, 0.000000000, 4.363257991,14.401547408,17.137592565,19.250322608,14.025136858,10.367512498, 9.192284492, 8.506530433, 8.577999685, 9.933739742,11.900075163,13.837246526,15.445406416,16.544750488,16.892429779,16.342953896,17.281430726,18.860957816,16.135943409,14.174894319,14.489473940, 0.000000000
 0.000000000, 0.541618512, 0.933549010, 1.233561737, 0.514645155, 0.268047443, 0.517526909, 0.710714737, 0.814476815, 0.612331988, 0.192814582, 0.092766152, 0.995807733, 1.681041077, 0.000000000, 0.000000000, 0.000000000, 0.000000000, 0.000000000, 0.000000000, 0.000000000, 0.000000000, 6.560220280,24.434159981,33.523757996,31.954641059,26.371663497,21.290360115,18.940387904,18.706717810,18.871117461,19.058090758,20.186701605,22.149517238,24.321997810,26.030367612,26.681535122,27.240527264,26.493399382,25.936731455,23.993355369,21.769888021,17.571497184, 0.000000000
