 0.000000000, 0.034382349, 0.037317508, 0.041055728, 0.046493290, 0.132092391, 0.250776414, 0.102928975, 0.000000000, 0.000000000, 0.000000000, 0.000000000, 0.000000000, 0.000000000, 0.000000000, 0.000000000, 0.000000000, 0.000000000, 0.000000000, 0.000000000, 0.000000000, 0.000000000, 0.000000000, 0.000000000, 0.000000000, 0.000000000, 0.000000000, 0.000000000, 0.000000000, 0.000000000, 0.000000000, 0.000000000, 0.000000000, 0.000000000, 0.000000000, 0.000000000, 0.000000000, 0.000000000, 0.000000000, 0.000000000, 0.000000000, 0.000000000, 0.000000000, 0.000000000, 0.000000000
 0.000000000, 0.000000000, 0.000000000, 0.022477560, 0.073742561, 0.109545658, 0.164237187, 0.070311380, 0.000000000, 0.000000000, 0.000000000, 0.000000000, 0.000000000, 0.000000000, 0.000000000, 0.000000000, 0.000000000, 0.000000000, 0.000000000, 0.000000000, 0.000000000, 0.000000000, 0.000000000, 0.000000000, 0.000000000, 0.000000000, 0.000000000, 0.000000000, 0.000000000, 0.000000000, 0.000000000, 0.000000000, 0.000000000, 0.000000000, 0.000000000, 0.000000000, 0.000000000, 0.000000000, 0.000000000, 0.000000000, 0.000000000, 0.000000000, 0.000000000, 0.000000000, 0.000000000
 0.000000000, 0.000000000, 0.008004674, 0.016848051, 0.031992305, 0.027315454, 0.091159773, 0.120243531, 0.027745371, 0.000000000, 0.000000000, 0.000000000, 0.000000000, 0.000000000, 0.000000000, 0.000000000, 0.000000000, 0.000000000, 0.000000000, 0.000000000, 0.000000000, 0.000000000, 0.000000000, 0.000000000, 0.000000000, 0.000000000, 0.000000000, 0.000000000, 0.000000000, 0.000000000, 0.000000000, 0.000000000, 0.000000000, 0.000000000, 0.000000000, 0.000000000, 0.000000000, 0.000000000, 0.000000000, 0.000000000, 0.000000000, 0.000000000, 0.000000000, 0.000000000, 0.000000000
 0.000000000, 0.000000000, 0.021069551, 0.059451547, 0.087057449, 0.174746484, 0.176127951, 0.060092657, 0.000000000, 0.000000000, 0.000000000, 0.000000000, 0.000000000, 0.000000000, 0.000000000, 0.000000000, 0.000000000, 0.000000000, 0.000000000, 0.000000000, 0.000000000, 0.000000000, 0.000000000, 0.000000000, 0.000000000, 0.000000000, 0.000000000, 0.000000000, 0.000000000, 0.000000000, 0.000000000, 0.000000000, 0.000000000, 0.000000000, 0.000000000, 0.000000000, 0.000000000, 0.000000000, 0.000000000, 0.000000000, 0.000000000, 0.000000000, 0.000000000, 0.000000000, 0.000000000
 0.000000000, 0.047188536, 0.077488096, 0.091062032, 0.058579998, 0.000000000, 0.006508025, 0.035494980, 0.009278958, 0.000000000, 0.000000000, 0.000000000, 0.000000000, 0.000000000, 0.000000000, 0.000000000, 0.000000000, 0.000000000, 0.000000000, 0.000000000, 0.000000000, 0.000000000, 0.000000000, 0.000000000, 0.000000000, 0.000000000, 0.000000000, 0.000000000, 0.000000000, 0.134008480, 0.162131485, 0.000000000, 0.000000000, 0.000000000, 0.000000000, 0.000000000, 0.000000000, 0.000000000, 0.000000000, 0.000000000, 0.000000000, 0.000000000, 0.000000000, 0.000000000, 0.000000000
 0.000000000, 0.016291350, 0.024741229, 0.024639204, 0.027450197, 0.026030654, 0.032028957, 0.017235490, 0.009629954, 0.052888075, 0.075279555, 0.055948564, 0.000000000, 0.000000000, 0.000000000, 0.000000000, 0.000000000, 0.000000000, 0.000000000, 0.000000000, 0.000000000, 0.000000000, 0.000000000, 0.000000000, 0.000000000, 0.000000000, 0.000000000, 0.000000000, 0.000000000, 0.133790709, 0.165079402, 0.000000000, 0.000000000, 0.000000000, 0.000000000, 0.000000000, 0.000000000, 0.000000000, 0.000000000, 0.000000000, 0.000000000, 0.000000000, 0.000000000, 0.000000000, 0.000000000
 0.000000000, 0.000000000, 0.000000000, 0.020233318, 0.057732573, 0.055543302, 0.048689749, 0.057826091, 0.037657075, 0.052830996, 0.070953263, 0.062048295, 0.000000000, 0.000000000, 0.000000000, 0.000000000, 0.000000000, 0.000000000, 0.000000000, 0.000000000, 0.000000000, 0.000000000, 0.000000000, 0.000000000, 0.000000000, 0.000000000, 0.000000000, 0.000000000, 0.000000000, 0.000000000, 0.000000000, 0.000000000, 0.000000000, 0.000000000, 0.000000000, 0.000000000, 0.000000000, 0.000000000, 0.000000000, 0.000000000, 0.000000000, 0.000000000, 0.000000000, 0.000000000, 0.000000000
 0.000000000, 0.024447790, 0.034515205, 0.042575914, 0.063151741, 0.057194238, 0.052571292, 0.049784615, 0.025786361, 0.014241485, 0.000000000, 0.000000000, 0.000000000, 0.000000000, 0.000000000, 0.000000000, 0.000000000, 0.000000000, 0.000000000, 0.000000000, 0.000000000, 0.000000000, 0.000000000, 0.000000000, 0.000000000, 0.000000000, 0.000000000, 0.000000000, 0.000000000, 0.000000000, 0.000000000, 0.000000000, 0.000000000, 0.000000000, 0.000000000, 0.000000000, 0.000000000, 0.000000000, 0.000000000, 0.000000000, 0.000000000, 0.000000000, 0.000000000, 0.000000000, 0.000000000
 0.000000000, 0.011334501, 0.026626300, 0.055531900, 0.069197382, 0.052007300, 0.043712207, 0.039029648, 0.023777752, 0.000000000, 0.000000000, 0.000000000, 0.000000000, 0.000000000, 0.000000000, 0.000000000, 0.000000000, 0.000000000, 0.000000000, 0.000000000, 0.000000000, 0.000000000, 0.000000000, 0.000000000, 0.000000000, 0.000000000, 0.000000000, 0.000000000, 0.000000000, 0.000000000, 0.000000000, 0.000000000, 0.000000000, 0.000000000, 0.000000000, 0.000000000, 0.000000000, 0.000000000, 0.000000000, 0.000000000, 0.000000000, 0.000000000, 0.000000000, 0.000000000, 0.000000000
 0.000000000, 0.010766492, 0.018425155, 0.026607152, 0.024219955, 0.024043140, 0.030532082, 0.028045786, 0.023879144, 0.019553359, 0.000000000, 0.000000000, 0.000000000, 0.000000000, 0.000000000, 0.000000000, 0.000000000, 0.000000000, 0.000000000, 0.000000000, 0.000000000, 0.000000000, 0.000000000, 0.000000000, 0.159509635, 0.192156237, 0.192286670, 0.222371017, 0.230368104, 0.266742198, 0.275670758, 0.210106381, 0.000000000, 0.000000000, 0.000000000, 0.000000000, 0.000000000, 0.000000000, 0.000000000, 0.000000000, 0.000000000, 0.000000000, 0.000000000, 0.000000000, 0.000000000
 0.000000000, 0.011491803, 0.018337134, 0.026798532, 0.029572070, 0.024197345, 0.030857649, 0.042762841, 0.049481510, 0.029970267, 0.000000000, 0.000000000, 0.177142380, 0.128787659, 0.232249452, 0.088182291, 0.000000000, 0.000000000, 0.000000000, 0.000000000, 0.000000000, 0.000000000, 0.000000000, 0.000000000, 0.173656757, 0.475861118, 0.491390273, 0.496591672, 0.525622802, 0.598691268, 0.585532050, 0.446618050, 0.362267986, 0.293103043, 0.213482352, 0.254459736, 0.350754423, 0.282794413, 0.000000000, 0.231765409, 0.223170622, 0.190473821, 0.000000000, 0.000000000, 0.000000000
 0.000000000, 0.014123797, 0.028362117, 0.035249978, 0.030545615, 0.012355397, 0.020748442, 0.029263427, 0.006071547, 0.054375559, 0.205098833, 0.331450201, 0.438248997, 0.368124472, 0.117135396, 0.000000000, 0.000000000, 0.000000000, 0.096157350, 0.310378470, 0.433572970, 0.421054028, 0.161431458, 0.181231444, 0.556431237, 0.845947276, 0.506871673, 0.308264180, 1.004977344, 1.410190959, 1.311085229, 0.996052423, 0.785807778, 0.643632300, 0.499160651, 0.556100895, 0.716514332, 0.591556490, 0.363846594, 0.391170789, 0.471940067, 0.208435833, 0.000000000, 0.000000000, 0.000000000
 0.000000000, 0.001805385, 0.004640136, 0.009124619, 0.016183826, 0.026636844, 0.023376651, 0.033479066, 0.065049361, 0.153429528, 0.306454635, 0.548225265, 0.764806469, 0.595942339, 0.162621051, 0.000000000, 0.000000000, 0.085693233, 0.279656516, 0.509539238, 0.598601740, 0.769043246, 0.470521542, 0.561537117, 0.579740802, 0.811631852, 0.664317428, 0.635633330, 1.817210024, 2.364665575, 2.240512912, 1.754128044, 1.353875607, 1.127690833, 0.859120520, 0.911415819, 1.121014007, 0.886091725, 0.483235823, 0.425748724, 0.488461243, 0.217199172, 0.000000000, 0.000000000, 0.000000000
 0.000000000, 0.003268437, 0.007880914, 0.009127916, 0.008439360, 0.022363074, 0.027018395, 0.021536166, 0.033477597, 0.143169357, 0.415489545, 0.608196088, 0.930797452, 0.557277154, 0.000000000, 0.000000000, 0.000000000, 0.066408504, 0.198526692, 0.351564198, 0.428599901, 0.551863495, 0.361473605, 0.234549970, 0.686039482, 1.021412815, 1.365866715, 0.822794580, 0.481141236, 1.738589831, 2.425154128, 1.963617289, 1.459217289, 1.204614706, 0.963858776, 1.014895428, 1.165449388, 0.827195149, 0.402006279, 0.303548204, 0.299530045, 0.136953035, 0.000000000, 0.000000000, 0.000000000
 0.000000000, 0.006669011, 0.014372368, 0.018297659, 0.012124931, 0.011565293, 0.031138446, 0.049426006, 0.127678899, 0.299590643, 0.485407945, 0.623243830, 0.694489901, 0.361464348, 0.000000000, 0.000000000, 0.000000000, 0.000000000, 0.000000000, 0.000000000, 0.000000000, 0.000000000, 0.000000000, 0.246540149, 0.396961806, 0.300013362, 0.415087954, 0.000000000, 0.358924854, 1.247689890, 1.814755542, 1.658239697, 1.455719744, 1.290966629, 1.045328723, 1.016578539, 0.938275978, 0.610933392, 0.369131192, 0.330425794, 0.282122096, 0.000000000, 0.000000000, 0.000000000, 0.000000000
 0.000000000, 0.028889087, 0.040919557, 0.029891270, 0.018179709, 0.014638599, 0.008311854, 0.000000000, 0.060052762, 0.212387225, 0.382615554, 0.423103030, 0.415031517, 0.500493139, 0.259310427, 0.000000000, 0.000000000, 0.000000000, 0.000000000, 0.000000000, 0.000000000, 0.000000000, 0.000000000, 0.265860823, 0.255852308, 0.291891954, 0.215892928, 0.160610661, 0.619635185, 1.069297169, 1.198933695, 1.075601277, 0.952726181, 0.853618709, 0.816305464, 0.892749798, 0.807438288, 0.561562407, 0.446906733, 0.419254766, 0.329975963, 0.000000000, 0.000000000, 0.000000000, 0.000000000
 0.000000000, 0.058103296, 0.038574850, 0.016576535, 0.020430740, 0.048102136, 0.093523657, 0.114778368, 0.106486628, 0.145746116, 0.289385559, 0.332223851, 0.351174972, 0.227610534, 0.000000000, 0.072013296, 0.050010839, 0.000000000, 0.000000000, 0.000000000, 0.000000000, 0.000000000, 0.000000000, 0.140960922, 0.181111249, 0.395402846, 0.380075306, 0.272563694, 0.636212589, 0.899632853, 1.085128015, 1.017114136, 0.945060680, 0.869271913, 0.854245960, 0.898243355, 0.784728425, 0.543438520, 0.406624908, 0.342690918, 0.271889211, 0.000000000, 0.000000000, 0.000000000, 0.000000000
 0.000000000, 0.023187946, 0.015949312, 0.021909529, 0.036185641, 0.044248758, 0.074035374, 0.050527075, 0.044677151, 0.119762671, 0.226125263, 0.285272886, 0.367857510, 0.529894676, 0.281419999, 0.000000000, 0.000000000, 0.000000000, 0.000000000, 0.000000000, 0.000000000, 0.000000000, 0.000000000, 0.000000000, 0.000000000, 0.362813151, 0.810862694, 0.644777430, 0.710116043, 0.942634973, 1.107415320, 1.024072493, 0.954423308, 0.877009345, 0.832632905, 0.922652123, 0.864032783, 0.656153530, 0.511500734, 0.392876824, 0.290607844, 0.000000000, 0.000000000, 0.000000000, 0.000000000
 0.000000000, 0.029974853, 0.024140602, 0.018564378, 0.010835946, 0.007839219, 0.017145497, 0.038006153, 0.082247344, 0.159532563, 0.261744693, 0.362042641, 0.412160167, 0.271916244, 0.000000000, 0.000000000, 0.000000000, 0.000000000, 0.000000000, 0.000000000, 0.000000000, 0.000000000, 0.000000000, 0.234441017, 0.204699021, 0.356586681, 1.595948091, 1.936590987, 1.615266311, 1.587257966, 1.406065670, 1.199145650, 1.091141538, 1.086405030, 1.055194824, 1.167970634, 1.140973989, 0.884814376, 0.729950798, 0.625208338, 0.424286978, 0.258406055, 0.000000000, 0.000000000, 0.000000000
 0.000000000, 0.028201754, 0.024634863, 0.025737222, 0.015282158, 0.003499985, 0.000000000, 0.015459905, 0.068238625, 0.145880060, 0.333912328, 0.479659842, 0.608790596, 0.533348085, 0.000000000, 0.000000000, 0.000000000, 0.000000000, 0.000000000, 0.000000000, 0.000000000, 0.260531249, 0.226535773, 0.224903361, 0.282036671, 0.618565933, 2.253123161, 2.561914049, 2.043868745, 1.836838854, 1.810986231, 1.784571649, 1.907437377, 2.111183112, 2.042555207, 2.064230993, 2.026146467, 1.678223998, 1.341821083, 1.095475665, 0.709337387, 0.203816484, 0.000000000, 0.000000000, 0.000000000
 0.000000000, 0.023645174, 0.020109060, 0.015073151, 0.016599277, 0.008003423, 0.000000000, 0.000000000, 0.096524197, 0.303167645, 0.848973708, 1.425724253, 0.710837959, 0.000000000, 0.000000000, 0.000000000, 0.000000000, 0.000000000, 0.000000000, 0.279176218, 0.300801997, 0.369078797, 0.345132596, 0.282841714, 0.341499850, 0.664381977, 2.211832465, 2.412648984, 1.750016549, 2.380492595, 2.340463317, 1.724877963, 2.877833661, 3.708976261, 3.645518703, 3.464223398, 3.290739848, 2.875865278, 2.561481360, 1.951744767, 1.204395786, 0.587067930, 0.253137084, 0.000000000, 0.000000000
 0.000000000, 0.012968865, 0.032907826, 0.043682748, 0.021347494, 0.000000000, 0.000000000, 0.000000000, 0.141534701, 0.605731120, 1.301334479, 1.850525423, 0.971862448, 0.000000000, 0.000000000, 0.000000000, 0.000000000, 0.000000000, 0.000000000, 0.000000000, 0.000000000, 0.286244899, 0.230675548, 0.203921547, 0.220848732, 0.401685006, 1.591039772, 2.263835544, 1.694736096, 2.323009577, 3.522007045, 1.702206202, 3.058316444, 4.170494443, 4.118273836, 4.004483835, 3.858490454, 3.402145927, 2.916933901, 2.408190056, 1.814799665, 0.885890183, 0.373716633, 0.000000000, 0.000000000
 0.000000000, 0.054950795, 0.049132610, 0.074436707, 0.090033544, 0.058404583, 0.030034989, 0.000000000, 0.238474400, 0.792279980, 1.203640888, 1.508133583, 0.975198218, 0.226788927, 0.000000000, 0.000000000, 0.000000000, 0.000000000, 0.000000000, 0.000000000, 0.000000000, 0.000000000, 0.000000000, 0.248658887, 0.180909752, 0.225656111, 0.947233496, 1.633925520, 1.440752526, 1.330714732, 1.974077357, 2.381199096, 2.604531536, 2.829081820, 2.743512545, 2.869213604, 2.990462906, 2.641108174, 2.345230301, 2.042022196, 1.488381710, 0.714365474, 0.278617163, 0.000000000, 0.000000000
 0.000000000, 0.019353731, 0.018772599, 0.023765003, 0.019597457, 0.029982336, 0.051472738, 0.223540163, 0.198788158, 0.493271336, 0.974520830, 1.207295436, 0.963558971, 0.391443109, 0.000000000, 0.000000000, 0.000000000, 0.000000000, 0.000000000, 0.000000000, 0.000000000, 0.000000000, 0.000000000, 0.251361745, 0.544540997, 0.957273267, 1.369957164, 1.739686835, 1.576620833, 1.659637598, 1.971523891, 1.836086739, 1.829653928, 1.861731163, 1.786258563, 1.900324461, 1.956424184, 1.561878899, 1.193321021, 1.000518157, 0.823470916, 0.430668602, 0.162333401, 0.000000000, 0.000000000
 0.000000000, 0.013658261, 0.035789687, 0.052507226, 0.036714085, 0.006564101, 0.000000000, 0.097458329, 0.128120219, 0.462629953, 0.946864591, 1.331009832, 1.194429702, 1.008908136, 0.414800072, 0.000000000, 0.000000000, 0.000000000, 0.000000000, 0.000000000, 0.000000000, 0.278204011, 0.296404405, 0.287563121, 0.208550128, 0.583834442, 1.649509654, 1.654894307, 1.478744985, 1.929434553, 2.206325788, 2.033047746, 1.917215915, 1.907836394, 1.892552970, 1.963190585, 1.883600272, 1.442553307, 1.062840967, 0.880573646, 0.672184472, 0.343950252, 0.140992751, 0.000000000, 0.000000000
 0.000000000, 0.004491122, 0.039501086, 0.063002952, 0.049203588, 0.040477891, 0.022826587, 0.100303190, 0.131983228, 0.444995031, 0.967496883, 1.353395091, 1.378757298, 1.787295609, 0.764223111, 0.000000000, 0.000000000, 0.077163727, 0.220559520, 0.315345236, 0.289916947, 0.291502667, 0.253196529, 0.197560448, 0.201475030, 0.813337312, 2.397240714, 2.362708068, 2.073164965, 2.586719647, 2.857359516, 2.486295797, 2.331785107, 2.364975308, 2.365431464, 2.417530050, 2.214422416, 1.664817920, 1.192913208, 1.038347176, 0.801089010, 0.390092128, 0.152227430, 0.000000000, 0.000000000
 0.000000000, 0.000000000, 0.000000000, 0.000000000, 0.016359994, 0.018480744, 0.027877471, 0.239459945, 0.265813693, 0.800087905, 1.346576745, 1.993823951, 2.055341395, 2.665528799, 1.211363480, 0.000000000, 0.000000000, 0.223511084, 0.490950746, 0.502021300, 0.394026575, 0.465313067, 0.447013247, 0.332539638, 0.319433972, 1.496006229, 4.646666194, 4.006678643, 3.322941964, 3.931124601, 3.556292251, 3.371261094, 3.682598581, 3.851751439, 3.832001254, 3.448265645, 2.812528803, 2.195500653, 1.597540120, 1.353838128, 1.051670638, 0.364115399, 0.000000000, 0.000000000, 0.000000000
 0.000000000, 0.011595100, 0.007115268, 0.000000000, 0.007148344, 0.009021013, 0.025051448, 0.270555163, 0.337360805, 0.965359308, 1.519479978, 3.300262249, 3.408248947, 2.642115273, 1.123010749, 0.000000000, 0.000000000, 0.468565194, 0.931590678, 0.922203039, 0.736007517, 1.057916538, 1.077650947, 0.638261740, 0.585587591, 2.776314651, 8.350519127, 7.308352400, 5.684500914, 6.186928041, 5.872902866, 5.884823295, 6.816597708, 7.456604062, 6.695002665, 4.513820219, 3.301563800, 3.250005632, 2.976347482, 2.490566860, 1.316318733, 0.289976652, 0.000000000, 0.000000000, 0.000000000
 0.000000000, 0.000000000, 0.000000000, 0.000000000, 0.008990939, 0.012676698, 0.000000000, 0.124635529, 0.346515461, 1.172860506, 1.895586118, 2.916110109, 2.735497565, 2.819904818, 2.231460334, 0.666734754, 0.000000000, 0.384862806, 1.121816984, 1.533896957, 1.813082525, 2.227264182, 1.756389733, 1.051626521, 1.854595835, 3.751143672, 8.048898436,13.001189711,14.491965573,12.119144699,10.670057815,12.205325946,12.443350540,11.797596353, 9.482866160, 6.425672607, 4.842930395, 5.144275360, 5.338123547, 3.940414624, 2.474420244, 1.286150680, 0.447140208, 0.000000000, 0.000000000
 0.000000000, 0.000000000, 0.000000000, 0.000000000, 0.000000000, 0.000000000, 0.031224031, 0.285665371, 0.284940839, 1.103109865, 1.537172312, 1.509964119, 1.618533760, 1.923187331, 1.412824629, 0.453872993, 0.000000000, 0.264533343, 0.818496452, 1.196900676, 1.432795649, 1.824440010, 2.075135592, 1.704362378, 2.064094153, 5.214092524, 8.399514386, 9.510874692,11.079911701,10.161905918, 7.983844414, 8.776009865, 9.446079036, 9.923699905,10.170301112, 9.009334782, 6.997003273, 5.942928298, 5.665783005, 4.683239492, 4.038289963, 3.080833484, 1.850849605, 0.000000000, 0.000000000
 0.000000000, 0.000000000, 0.000000000, 0.000000000, 0.000000000, 0.000000000, 0.033847259, 0.192894017, 0.515600162, 0.880262318, 1.158182890, 1.108024071, 0.838576739, 1.137209641, 1.099178863, 0.313064242, 0.000000000, 0.144543533, 0.417237905, 0.651961783, 0.812596419, 1.085824457, 1.331557692, 1.593994609, 2.062267785, 2.560576700, 4.028328216, 5.279541374, 6.496200847, 7.625303439, 7.595240345, 7.543219809, 7.566645275, 7.120142159, 6.512698655, 6.057344036, 5.687473070, 5.491340818, 5.365987182, 5.052871166, 4.061426252, 2.753173600, 1.298249652, 0.000000000, 0.000000000
 0.000000000, 0.000000000, 0.000000000, 0.012790176, 0.011309637, 0.000000000, 0.018394203, 0.183516729, 0.335295556, 0.567214040, 0.880761902, 0.989512853, 0.801392454, 1.107963511, 1.074189319, 0.282822140, 0.000000000, 0.169465993, 0.329221025, 0.385591451, 0.453939197, 0.586916831, 0.706187190, 0.847413045, 1.336468395, 2.075326967, 2.814061276, 3.505491908, 4.099175138, 4.639585522, 4.002503252, 3.871721486, 4.361523880, 4.138960823, 3.942447544, 3.899587823, 3.707909607, 3.453497083, 3.301946493, 3.003366004, 2.430784828, 2.271315595, 1.602049700, 0.000000000, 0.000000000
 0.000000000, 0.139596621, 0.118944407, 0.093159729, 0.033169095, 0.000000000, 0.041957171, 0.176819071, 0.220717359, 0.464426546, 0.751929965, 0.941590805, 0.858845533, 1.130712945, 1.098001358, 0.303488161, 0.000000000, 0.183598124, 0.296592128, 0.343526771, 0.403468934, 0.477883618, 0.552122678, 0.644012688, 0.986479544, 1.763916014, 2.690686793, 3.429948738, 3.934046550, 3.888594043, 4.004458752, 4.518765241, 4.486050768, 4.157681064, 3.690052740, 3.371968258, 3.186926637, 2.956930337, 2.470700021, 2.094926695, 1.690358948, 1.309018799, 1.146510458, 0.000000000, 0.000000000
 0.000000000, 0.116448074, 0.098292086, 0.076488285, 0.023740994, 0.000000000, 0.034402072, 0.227644813, 0.243065086, 0.405674195, 0.720405599, 0.921880178, 0.827271574, 1.112639570, 1.332291020, 0.553957460, 0.074092056, 0.075286784, 0.270759464, 0.306602660, 0.377681329, 0.477521793, 0.537869543, 0.595240566, 0.935171888, 1.741746586, 2.732739380, 3.461972241, 4.049679913, 3.838418369, 3.837770413, 4.128452543, 3.829950456, 3.643131221, 3.429901621, 3.476716343, 3.289635856, 2.872929028, 2.365602556, 1.883926053, 1.394439367, 1.251960592, 1.195476674, 0.000000000, 0.000000000
 0.000000000, 0.000000000, 0.032192956, 0.049524247, 0.024945678, 0.000000000, 0.022522444, 0.073831024, 0.229783086, 0.573793552, 0.565501354, 0.999166242, 0.881504354, 1.198903108, 1.154754822, 0.293659986, 0.074655758, 0.077114927, 0.279341858, 0.318785449, 0.389134796, 0.454685370, 0.484915444, 0.514980564, 0.807485025, 1.653486173, 2.916894004, 3.792033608, 3.993180926, 4.890118611, 5.172289029, 4.112982810, 3.879895291, 3.952633057, 3.688336877, 3.139591850, 2.562508181, 2.271930563, 1.978632005, 1.759089917, 1.380400974, 1.262175347, 1.252402410, 0.648596087, 0.000000000
 0.000000000, 0.000000000, 0.037182014, 0.081756202, 0.083091481, 0.058461329, 0.089561905, 0.189139836, 0.272500467, 0.616802432, 0.859115962, 0.981714938, 1.497589390, 2.151958795, 1.540441627, 0.503002863, 0.000000000, 0.000000000, 0.266768219, 0.318183596, 0.383160124, 0.450067428, 0.486760091, 0.518281847, 0.835589810, 1.736330383, 3.081293344, 4.417696679, 4.880126915, 5.449520008, 5.829444858, 4.431968162, 3.797970940, 4.353327492, 4.235658356, 3.112504294, 2.305185829, 2.069822237, 1.830121730, 1.692099580, 1.261622602, 1.127043636, 1.101296742, 0.000000000, 0.000000000
 0.000000000, 0.000000000, 0.025415278, 0.049923325, 0.065728842, 0.062616924, 0.078486863, 0.206061559, 0.242341728, 0.609079209, 0.839486711, 0.946745411, 1.620560168, 2.714390046, 2.143536727, 0.743663472, 0.000000000, 0.000000000, 0.279060719, 0.327255685, 0.397011498, 0.438670974, 0.490863634, 0.571943049, 0.941660410, 2.044198293, 3.529286263, 5.381122627, 6.429456085, 6.963378744, 5.750108820, 4.450217540, 5.422817561, 6.343483079, 6.631005028, 5.809341638, 4.567540436, 3.035430314, 2.127253340, 1.855996949, 1.374392866, 1.291783726, 1.296100724, 0.000000000, 0.000000000
 0.000000000, 0.131308753, 0.096482245, 0.033798000, 0.000000000, 0.000000000, 0.000000000, 0.065397689, 0.242756674, 0.358258393, 0.579886121, 1.182951960, 2.093144509, 3.070818995, 2.122521312, 0.735201243, 0.000000000, 0.000000000, 0.284635762, 0.345505682, 0.421822206, 0.523900278, 0.584502735, 0.640765538, 0.987384937, 2.397023095, 4.265502465, 7.623670064,10.682602062,10.768934383,10.191787629,10.422634489,11.038304087, 9.866512256, 6.594921349, 3.186414371, 1.671359712, 1.913836078, 2.138472547, 2.056168526, 1.595096502, 1.453440523, 1.431636432, 0.617968968, 0.000000000
 0.000000000, 0.000000000, 0.041356689, 0.022732540, 0.000000000, 0.093126433, 0.031761082, 0.039535837, 0.211555190, 0.536768789, 1.266411753, 0.348323791, 0.919409672, 2.639821896, 2.391221119, 0.874211358, 0.504781974, 0.303771504, 0.313669668, 0.428519606, 0.510657003, 0.621092031, 0.695894085, 0.762554719, 0.868726266, 1.389728889, 4.333029304,10.855418314,16.649032581,20.450928652,19.807277763,19.576152594,18.068674926,17.134951839,13.387268787, 4.269143344, 2.223880388, 1.960384093, 2.456468966, 2.395457791, 1.951453230, 1.842814327, 1.784780533, 0.000000000, 0.000000000
 0.000000000, 0.101373248, 0.128340651, 0.104224740, 0.098480464, 0.134594215, 0.177262214, 0.422550728, 0.368177678, 1.080054357, 1.885438536, 0.980007423, 1.113073442, 1.231726207, 0.980029504, 0.252145516, 0.315233648, 0.514274271, 0.504758336, 0.549722262, 0.644566454, 0.708576144, 0.776025185, 0.695215426, 0.687512313, 2.043514971, 6.356502997,15.219377080,26.515275487,36.029056693,33.688995609,36.806015685,38.841705014,29.142833673,26.511139403,16.308548341, 3.670935593, 0.969774420, 2.170012048, 2.635100434, 2.554480182, 2.573207120, 2.306384478, 0.000000000, 0.000000000
 0.000000000, 0.000000000, 0.000000000, 0.000000000, 0.000000000, 0.000000000, 0.051910109, 0.381237939, 0.176234635, 0.817355487, 1.735893115, 1.199986999, 2.514347514, 4.497035539, 2.976461709, 0.814478803, 0.452449772, 0.710549641, 0.630971216, 0.662164020, 0.752643297, 0.872313796, 0.957147788, 0.817307645, 0.912885143, 2.636873138,10.963496911,23.268393981,22.030842296,22.805058592,27.592038687,31.564331104,25.906068141,17.125069202,24.068855661,30.423600942,19.042087007, 0.000000000, 3.204809658, 3.997345275, 3.735140148, 3.547871115, 3.149788867, 1.188586962, 0.000000000
 0.000000000, 0.000000000, 0.000000000, 0.000000000, 0.000000000, 0.000000000, 0.056539347, 0.434104811, 0.203531975, 1.000729057, 2.460177683, 4.755900754, 5.893235534, 5.878217944, 4.606342654, 2.850377666, 0.000000000, 0.665073852, 0.925418571, 0.915813748, 1.014053979, 1.102039554, 1.166837143, 1.358366822, 1.335416223, 3.994178903,23.528367360,39.055196876,30.894655253,19.721879610,23.104777217,23.879602902,25.503660238,29.053026110,28.763808529,31.675017176,24.107522674, 0.000000000, 3.845210930, 4.532428240, 5.141977209, 4.452951227, 2.853915448, 0.000000000, 0.000000000
 0.000000000, 0.000000000, 0.079553162, 0.024698368, 0.005416210, 0.004797795, 0.025087020, 0.372865353, 0.335864244, 1.604878758, 2.852786567, 5.898579792, 7.863628887,10.725356961, 9.117321234, 4.538551947, 0.000000000, 1.246638847, 1.132887497, 1.278546228, 1.416733813, 1.561204372, 1.691129107, 0.962090560, 0.000000000, 4.158352651,12.611070669,17.967561122,24.523075964,26.063129424,25.172173798,21.278177843,19.034941166,19.590232780,18.768327996,19.726392919,20.217082872,19.136667059,18.728189547,18.097414139,14.368153679,11.571294438, 8.262610848, 0.000000000, 0.000000000
 0.000000000, 0.000000000, 0.228498251, 0.294296563, 0.249028797, 0.103260311, 0.088852519, 0.711144329, 1.458006233, 3.723075676, 8.836246403,14.543358227,22.523393030,30.038502308,19.933928046, 6.173029062, 0.000000000, 1.056733841, 1.596246790, 1.981472898, 2.205146686, 2.595244041, 2.865625144, 3.103923690, 0.000000000, 0.000000000, 7.280841618,12.308826722,14.161161694,13.852209312,11.310389557,10.625652167,11.671141768, 9.684322649, 7.757073438,11.020939971,19.009621244,26.772304996,27.509373979,21.966160843,16.237816603,13.309126411,10.113184185, 0.000000000, 0.000000000
 0.000000000, 0.000000000, 0.290225158, 0.329333795, 0.221998494, 0.049618598, 0.000000000, 0.250003441, 1.292185113, 4.346284809, 0.000000000,10.907000187,29.206703878,39.995971089, 0.000000000, 0.000000000, 0.000000000, 4.338624847, 3.066842371, 3.091559425, 3.385226284, 4.034036540, 4.531628732, 4.856716455, 0.000000000, 0.000000000,14.336227904,12.231421269,10.778033947,11.043185188, 9.636740636, 7.692681206, 8.827186812, 8.957104475, 5.888906954, 7.536119788,13.351919431,19.684047475, 6.519599422,11.743407119,12.736589784,17.042398939,16.863818501, 0.000000000, 0.000000000
 0.000000000, 0.000000000, 0.358252642, 0.318504303, 0.206897987, 0.089862100, 0.076677617, 1.501737071, 0.000000000, 0.000000000,20.713175974, 0.000000000,12.490875333,27.049893631,35.122462910,32.523354929, 0.000000000, 1.313080932, 1.837994149, 3.034153395, 3.647540254, 4.338574639, 5.158926604, 5.973617548, 2.985145456, 0.000000000, 9.099422854,13.825935813,10.623709684, 7.502923975, 6.255263880, 6.568806159, 5.849605163, 6.517227896, 6.307004942, 5.960978498, 9.054803863,14.193960021,13.493670777,14.124538188,21.684029191, 0.000000000, 0.000000000, 0.000000000, 0.000000000
 0.000000000, 0.165963511, 0.360684182, 0.441887950, 0.410580350, 0.350458570, 0.507800807, 1.995487608, 3.710515862, 8.168115838,21.827957812,40.879897431,11.714011892,27.645548704,27.484038831,23.304690711, 0.000000000, 2.450295848, 3.444711761, 5.694359521, 7.303560379, 8.785765906, 8.945262436, 9.773777411,15.223139779, 0.000000000,12.922463948, 9.882984205, 7.806495394, 8.342519024, 6.957583422, 6.494971529, 8.613922941,10.610211617,10.260366289, 9.778895573,11.409813974,10.163708408, 7.336310344,16.054804159,24.990932640,29.103780013,29.324153812, 0.000000000, 0.000000000
 0.000000000, 0.000000000, 0.231111829, 0.346650575, 0.481044590, 0.276797445, 0.198905948, 1.566362648, 3.016553236, 6.081422361,11.813333457,22.388366869,33.591585973,34.383141234,34.355012036,33.298820129, 0.000000000, 3.836206597, 4.453063389, 7.739822821, 9.584439817,11.750432809,10.644447513, 6.799580680, 6.016590333,11.458203180,15.487949186,14.300911172,13.292494309,12.555762105,11.835575998,11.079269600, 8.724758519, 7.736814044, 8.113387508, 6.578415362, 4.699229958, 4.283705607, 7.572852685,11.686398183,12.297829758,13.041973428,14.157838098, 0.000000000, 0.000000000
 0.000000000, 0.000000000, 1.262850753, 1.141947658, 0.801343147, 0.000000000, 0.560334299, 1.897090982, 3.530346516, 7.384925816, 0.000000000, 6.201259786,13.434434832,17.187392083,21.484672899,17.186844281, 0.000000000, 4.390154205, 8.059526398, 8.356550865, 8.806086595, 9.690164671, 8.041656615, 4.494839022, 4.165910156, 5.564629360, 5.940549928, 7.012006764, 7.567036128, 8.167796922, 7.750594885, 5.693216737, 5.713829799, 5.862334670, 4.778026249, 4.833959251, 5.950068403, 6.827924258, 8.659896475,11.100940676,12.548509199,14.449440896,15.733552718, 0.000000000, 0.000000000
 0.000000000, 0.000000000, 1.937301341, 2.754145543, 2.517976749, 2.323752147, 2.163981048, 3.737687799, 4.003962650, 7.497236629,19.702162593,20.780462208,29.735856144,26.925112193,23.842313401,10.696178310, 0.000000000, 5.324550336,16.962205511,18.643868136,18.143718639,18.774173828,18.122765044,17.833881875,19.329768545,19.545196764,14.669311738,12.903303847,15.017808331,16.203557125,15.041544115,10.902466377,10.608655191,13.727613064,15.022786434,14.686531602,14.175959901,14.240696812,15.439709646,13.633468553,13.062783417,16.968703041, 0.000000000, 0.000000000, 0.000000000
 0.000000000, 1.541015871, 2.597306443, 2.990363667, 2.476999776, 1.847050008, 1.686880894, 2.368745421, 3.147652955, 5.229877757, 7.770273366,13.724160193,24.942687169,34.158514342,36.551141201,35.478834313,31.156489604,22.545950963,21.878247059,23.558883852,24.548032080,29.245959663,24.903817394,20.673447380,21.060952558,21.055058839,20.249539925,19.215994422,18.072100112,16.969354005,20.069933955,20.153514924,16.264573276,14.896601366,13.052425781,10.080153060, 7.692069839, 6.664207384, 7.247576569, 8.754296694, 8.857582155, 8.884926040,10.185699536, 0.000000000, 0.000000000
 0.000000000, 0.000000000, 1.131947255, 0.995783340, 0.564010487, 0.269739533, 0.211286068, 1.594063859, 3.722779523, 3.703853168, 5.236976163, 9.787676330,14.788427063,22.146596961,26.244716092,27.079517717,27.590192147,18.988464623,12.176706324,12.391897403,13.744926041,17.543553569,19.778959687,17.120566012,13.993500200,14.856235997,16.206163810,16.836644153,16.712999729,16.164637312,14.283711390,10.848881001, 7.975811461, 7.349833469, 7.767388476, 7.693975511, 7.693221403, 6.683868946, 6.025411438, 6.925686658, 7.508575693, 8.074557444, 9.232692710, 0.000000000, 0.000000000
 0.000000000, 2.314550786, 2.716434751, 2.010566112, 1.657406092, 1.920508900, 2.123734094, 2.414705701, 2.519517618, 3.826439822,11.865383868,10.916307733, 8.590702466, 8.311716814, 8.707892090, 7.620942167, 6.549456494, 6.456882017, 5.483971255, 4.254749190, 4.307775030, 4.224308401, 4.484560623, 4.329056552, 4.145164183, 4.607285958, 5.594439683, 6.182704473, 6.707152080, 9.137338875,11.843723264,12.828546911,12.682461050,13.546492035,15.381713699,16.683636254,17.198323201,17.770613296,17.064154523,16.944845809,17.924099477,18.830435363,18.882662839,16.748273556, 0.000000000
 0.000000000, 5.882460588, 9.021653631, 8.811043884, 6.124780762, 4.784804850, 4.746783177, 4.147587107, 4.061724336, 7.091118496,17.715992785,26.422143977,29.610134283,17.142577396,31.499075858,31.289177738,25.027416662, 7.865354844, 6.814054968, 6.707008153, 6.515784788, 6.605347360, 6.659113250, 6.764172836, 7.064628036, 7.934494586, 8.949737482, 9.255980587, 8.768204461,15.439181849,23.932155667,25.749707489,26.711822777,28.261316464,28.912910082,28.555482736,29.433631473,28.747196831,27.764863739,26.926571232,26.667200370,26.369270803,25.409464656,23.878594630, 0.000000000
 0.000000000, 3.482996646, 6.316616977, 7.776553229, 5.193503761, 2.238829418, 2.180850351, 2.303924851, 2.704797895, 8.926245524,19.039846256,18.823691305,14.483336418,14.489192801,46.722066479,51.126564240,46.301215590,14.054708759,10.990332440, 9.804618276, 9.475683064, 9.496636246, 9.643275845, 9.810392962, 9.489538124, 9.501327403,11.463786418,13.373840243,18.503646982,28.839390173,34.667029056,34.514338450,32.688875442,29.499618757,26.395785657,24.693269389,22.428368189,20.433668650,19.096236737,17.801476632,16.582984279,15.743928964,14.662531199,13.748883448, 0.000000000
 0.000000000, 1.069831735, 1.803274242, 1.312753926, 0.452956440, 0.264066579, 0.668668857, 1.565609109, 2.864422943, 3.886094839, 5.412673026, 4.356185251, 7.076592338,11.294262647,33.726068668,35.113575472,33.229901999,10.899942811, 7.599287325, 6.364598064, 6.428097274, 6.530297929, 6.723065174, 6.792237209, 6.078447252, 5.856751635, 7.742159122, 9.438626796, 9.436488531,11.412009839,16.136671006,17.381855057,15.074865738,13.108993563,11.421827634, 9.628294651, 8.700793139, 7.924324829, 7.048655471, 6.412075568, 6.026975198, 5.908596375, 5.893499709, 5.591406403, 0.000000000
 0.000000000, 1.004490343, 0.409279012, 0.155615422, 0.147229973, 0.367274710, 0.797043501, 1.178756214, 2.258125240, 3.022485874, 3.025809928, 6.903795670, 6.535502496, 6.152763677,13.555981346,13.493710858, 9.619769625, 3.218835088, 2.399125747, 3.375539989, 3.285055483, 3.276327866, 3.465074296, 3.461863896, 3.003039439, 3.006553457, 4.601900207, 5.411059275, 4.568260201, 5.757482973, 7.110223581, 6.267183438, 5.421722722, 6.141762677, 7.399328993, 7.954278152, 7.784313292, 7.498245048, 6.744047667, 6.843087874, 7.845277533, 7.981570122, 8.584214157, 8.488124534, 0.000000000
 0.000000000, 1.833554553, 3.266886341, 1.398058606, 0.307033754, 0.493417247, 0.363849826, 2.388191119, 5.908997040, 5.151136750,13.252977865,15.669758323,15.094403292,12.259976968,12.530966253, 8.842242089, 2.857807893, 1.929468808, 4.299729458, 6.656893955, 6.501658322, 6.671571612, 6.634924548, 6.770774286, 7.006186234, 6.924467527, 9.406921381,11.389359139,10.478889194, 9.642648746, 9.248639190, 9.870271221, 9.797617960,10.997307088,14.062984148,16.337669611,18.093198777,17.977348922,16.113436692,15.900649441,18.050024967,19.165476989,18.634311046,18.777094199, 0.000000000
 0.000000000, 2.446503561, 4.500211199, 6.601842620, 6.090537364, 4.764206013, 3.526216871, 6.029926649,10.591785564,10.801046913,23.894267665,37.931115376,34.751454631,25.626031929,25.246795633,27.637165771,25.362294102,19.998409177,13.968871799,12.791407978,13.820048968,14.423625127,14.536474641,14.713160894,15.123130615,15.580562703,18.218102537,22.023098613,23.338270181,23.218493126,21.991618513,21.512875033,23.158777658,25.743308397,28.789413593,30.223985932,31.204377025,33.452087291,34.591639605,32.753931904,30.389355535,31.812300669,34.973912985,33.597862044, 0.000000000
 0.000000000, 7.066839151, 6.298475974, 6.302058006, 6.628964764, 4.774487877, 3.130436111, 4.717535623,11.926514915,16.234353920,25.186810062,35.193331579,32.375539637,27.643586330,32.439872399,39.577725128,37.996035544,31.955436503,25.096688466,22.022154585,21.556833629,21.755056659,22.048176689,22.405506038,22.718867187,23.469054717,26.605748094,31.088745075,33.615516706,34.088103180,32.094518274,30.575713884,30.849345971,30.896316798,31.651003229,33.070035610,33.841529708,32.392331505,28.697026118,26.647815211,27.762950939,27.897201342,24.934085619,23.405965157, 0.000000000
