 0.000000000, 0.000000000, 0.000000000, 0.000000000, 0.000000000, 0.000000000, 0.000000000, 0.000000000, 0.000000000, 0.000000000, 0.000000000, 0.000000000, 0.000000000, 0.000000000, 0.000000000, 0.000000000, 0.000000000, 0.000000000, 0.000000000, 0.000000000, 0.000000000, 0.000000000, 0.000000000, 0.000000000, 0.000000000, 0.000000000, 0.000000000, 0.000000000, 0.000000000, 0.000000000, 0.000000000, 0.000000000, 0.000000000, 0.000000000, 0.000000000, 0.000000000, 0.000000000, 0.000000000, 0.000000000, 0.000000000, 0.000000000, 0.000000000
 0.000000000, 0.000000000, 0.000000000, 0.000000000, 0.000000000, 0.000000000, 0.000000000, 0.000000000, 0.000000000, 0.000000000, 0.000000000, 0.008745893, 0.010423085, 0.000000000, 0.000000000, 0.000000000, 0.000000000, 0.000000000, 0.000000000, 0.000000000, 0.000000000, 0.000000000, 0.000000000, 0.000000000, 0.000000000, 0.000000000, 0.000000000, 0.000000000, 0.000000000, 0.000000000, 0.000000000, 0.000000000, 0.000000000, 0.000000000, 0.000000000, 0.000000000, 0.000000000, 0.000000000, 0.000000000, 0.000000000, 0.000000000, 0.000000000
 0.000000000, 0.000000000, 0.000000000, 0.000000000, 0.000000000, 0.012572152, 0.009952940, 0.000000000, 0.000000000, 0.029185432, 0.076096813, 0.053131091, 0.000000000, 0.000000000, 0.000000000, 0.000000000, 0.000000000, 0.000000000, 0.000000000, 0.000000000, 0.000000000, 0.000000000, 0.000000000, 0.000000000, 0.000000000, 0.000000000, 0.286137674, 0.307033821, 0.000000000, 0.000000000, 0.000000000, 0.000000000, 0.000000000, 0.000000000, 0.000000000, 0.000000000, 0.000000000, 0.000000000, 0.000000000, 0.000000000, 0.000000000, 0.000000000
 0.000000000, 0.000000000, 0.000000000, 0.000000000, 0.000000000, 0.000000000, 0.000000000, 0.000000000, 0.000000000, 0.000000000, 0.000000000, 0.000000000, 0.000000000, 0.000000000, 0.000000000, 0.000000000, 0.000000000, 0.000000000, 0.000000000, 0.000000000, 0.000000000, 0.000000000, 0.000000000, 0.000000000, 0.000000000, 0.250998476, 0.299648482, 0.297357004, 0.000000000, 0.000000000, 0.000000000, 0.000000000, 0.000000000, 0.000000000, 0.000000000, 0.000000000, 0.000000000, 0.000000000, 0.000000000, 0.000000000, 0.000000000, 0.000000000
 0.000000000, 0.000000000, 0.000000000, 0.000000000, 0.000000000, 0.000000000, 0.000000000, 0.000000000, 0.000000000, 0.000000000, 0.012307097, 0.044275690, 0.040067299, 0.000000000, 0.000000000, 0.000000000, 0.000000000, 0.000000000, 0.000000000, 0.000000000, 0.000000000, 0.000000000, 0.000000000, 0.000000000, 0.000000000, 0.101064841, 0.243713761, 0.284495188, 0.256592030, 0.269797427, 0.000000000, 0.000000000, 0.000000000, 0.000000000, 0.000000000, 0.000000000, 0.000000000, 0.000000000, 0.000000000, 0.000000000, 0.000000000, 0.000000000
 0.000000000, 0.000000000, 0.000000000, 0.000000000, 0.000000000, 0.000000000, 0.000000000, 0.000000000, 0.000000000, 0.000000000, 0.000000000, 0.000000000, 0.000000000, 0.000000000, 0.000000000, 0.000000000, 0.000000000, 0.000000000, 0.000000000, 0.000000000, 0.000000000, 0.000000000, 0.000000000, 0.000000000, 0.000000000, 0.000000000, 0.000000000, 0.000000000, 0.000000000, 0.000000000, 0.000000000, 0.000000000, 0.000000000, 0.000000000, 0.000000000, 0.000000000, 0.000000000, 0.000000000, 0.000000000, 0.000000000, 0.000000000, 0.000000000
 0.000000000, 0.000000000, 0.000000000, 0.000000000, 0.000000000, 0.000000000, 0.000000000, 0.000000000, 0.000000000, 0.000000000, 0.000000000, 0.000000000, 0.000000000, 0.000000000, 0.000000000, 0.000000000, 0.000000000, 0.000000000, 0.000000000, 0.000000000, 0.000000000, 0.000000000, 0.000000000, 0.000000000, 0.000000000, 0.000000000, 0.000000000, 0.000000000, 0.000000000, 0.000000000, 0.000000000, 0.000000000, 0.000000000, 0.000000000, 0.000000000, 0.000000000, 0.000000000, 0.000000000, 0.000000000, 0.000000000, 0.000000000, 0.000000000
 0.000000000, 0.000000000, 0.000000000, 0.000000000, 0.000000000, 0.000000000, 0.000000000, 0.000000000, 0.000000000, 0.000000000, 0.001893756, 0.002934902, 0.001368007, 0.000000000, 0.000000000, 0.000000000, 0.000000000, 0.000000000, 0.000000000, 0.000000000, 0.000000000, 0.000000000, 0.000000000, 0.000000000, 0.000000000, 0.000000000, 0.000000000, 0.000000000, 0.000000000, 0.000000000, 0.000000000, 0.000000000, 0.000000000, 0.000000000, 0.000000000, 0.000000000, 0.000000000, 0.000000000, 0.000000000, 0.000000000, 0.000000000, 0.000000000
 0.000000000, 0.000000000, 0.000000000, 0.000000000, 0.000000000, 0.000000000, 0.000000000, 0.000000000, 0.000000000, 0.000000000, 0.000000000, 0.000000000, 0.000000000, 0.000000000, 0.000000000, 0.000000000, 0.000000000, 0.000000000, 0.000000000, 0.000000000, 0.000000000, 0.000000000, 0.000000000, 0.000000000, 0.000000000, 0.000000000, 0.000000000, 0.000000000, 0.000000000, 0.000000000, 0.000000000, 0.000000000, 0.000000000, 0.000000000, 0.000000000, 0.000000000, 0.000000000, 0.000000000, 0.000000000, 0.000000000, 0.000000000, 0.000000000
 0.000000000, 0.000000000, 0.000000000, 0.000000000, 0.000000000, 0.000000000, 0.000000000, 0.000000000, 0.000000000, 0.000000000, 0.000000000, 0.010503062, 0.009522420, 0.000000000, 0.000000000, 0.000000000, 0.000000000, 0.000000000, 0.000000000, 0.000000000, 0.000000000, 0.000000000, 0.000000000, 0.000000000, 0.000000000, 0.000000000, 0.000000000, 0.000000000, 0.000000000, 0.000000000, 0.000000000, 0.000000000, 0.000000000, 0.000000000, 0.000000000, 0.000000000, 0.000000000, 0.000000000, 0.000000000, 0.000000000, 0.000000000, 0.000000000
 0.000000000, 0.000000000, 0.000000000, 0.000000000, 0.000000000, 0.000000000, 0.000000000, 0.000000000, 0.000000000, 0.000000000, 0.005106373, 0.004453848, 0.000000000, 0.000000000, 0.000000000, 0.000000000, 0.000000000, 0.000000000, 0.000000000, 0.308233725, 0.120491735, 0.000000000, 0.128170616, 0.139801920, 0.147387908, 0.276380795, 0.201600287, 0.168000643, 0.000000000, 0.000000000, 0.000000000, 0.000000000, 0.000000000, 0.000000000, 0.000000000, 0.000000000, 0.000000000, 0.000000000, 0.000000000, 0.000000000, 0.000000000, 0.000000000
 0.000000000, 0.000000000, 0.000000000, 0.000000000, 0.000000000, 0.000000000, 0.000000000, 0.006703574, 0.005921007, 0.000000000, 0.000000000, 0.000000000, 0.021299282, 0.027487004, 0.000000000, 0.000000000, 0.302820639, 0.366554649, 0.187314058, 0.220683021, 0.277103982, 0.000000000, 0.000000000, 0.000000000, 0.269950509, 0.523932310, 0.377453993, 0.297737130, 0.123962745, 0.000000000, 0.000000000, 0.000000000, 0.060301529, 0.113355408, 0.000000000, 0.000000000, 0.216660853, 0.349769279, 0.279070442, 0.104091136, 0.000000000, 0.000000000
 0.000000000, 0.000000000, 0.000000000, 0.000000000, 0.000000000, 0.000000000, 0.000000000, 0.000000000, 0.010186464, 0.010541629, 0.009118218, 0.008032417, 0.000000000, 0.020861017, 0.000000000, 0.000000000, 0.000000000, 0.255701322, 0.193451267, 0.238014822, 0.460632793, 0.169710739, 0.341048607, 0.887355393, 0.883045049, 0.795089615, 0.642790356, 0.271750134, 0.000000000, 0.000000000, 0.000000000, 0.000000000, 0.116294054, 0.347373034, 0.333566093, 0.256509655, 0.258616716, 0.383072469, 0.357835700, 0.160590716, 0.000000000, 0.000000000
 0.000000000, 0.000000000, 0.000000000, 0.000000000, 0.000000000, 0.000000000, 0.000000000, 0.000000000, 0.000000000, 0.000000000, 0.004674641, 0.004313514, 0.000000000, 0.000000000, 0.000000000, 0.000000000, 0.000000000, 0.305980897, 0.119604981, 0.113016425, 0.136669503, 0.000000000, 0.303799493, 1.287271660, 1.100650297, 0.000000000, 0.000000000, 0.000000000, 0.000000000, 0.000000000, 0.000000000, 0.000000000, 0.140865803, 0.376067717, 0.421506946, 0.280205607, 0.305678480, 0.437924942, 0.199584625, 0.000000000, 0.000000000, 0.000000000
 0.000000000, 0.000000000, 0.000000000, 0.000000000, 0.000000000, 0.000000000, 0.009046472, 0.008429413, 0.000000000, 0.000000000, 0.000000000, 0.012847913, 0.030231133, 0.031301500, 0.000000000, 0.000000000, 0.000000000, 0.000000000, 0.000000000, 0.000000000, 0.000000000, 0.000000000, 0.259925088, 0.942473511, 0.835079727, 0.000000000, 0.000000000, 0.000000000, 0.000000000, 0.000000000, 0.000000000, 0.000000000, 0.175077182, 0.468139948, 0.488835364, 0.433367743, 0.381682498, 0.288103843, 0.259804962, 0.000000000, 0.000000000, 0.000000000
 0.000000000, 0.000000000, 0.000000000, 0.000000000, 0.000000000, 0.000000000, 0.005729602, 0.011787776, 0.020953103, 0.016064827, 0.001145175, 0.014211452, 0.036688135, 0.039707075, 0.000000000, 0.000000000, 0.000000000, 0.000000000, 0.000000000, 0.000000000, 0.000000000, 0.000000000, 0.305670920, 0.622569330, 0.710953049, 0.520444329, 0.809526417, 0.762166612, 0.247054247, 0.000000000, 0.000000000, 0.000000000, 0.187549189, 0.505943366, 0.519134463, 0.449652149, 0.397797668, 0.299900390, 0.000000000, 0.000000000, 0.000000000, 0.000000000
 0.000000000, 0.000000000, 0.000000000, 0.000000000, 0.000000000, 0.000000000, 0.000000000, 0.000000000, 0.000000000, 0.004124667, 0.006878604, 0.008801180, 0.028325226, 0.022147876, 0.000000000, 0.000000000, 0.000000000, 0.000000000, 0.000000000, 0.000000000, 0.000000000, 0.000000000, 0.223204929, 0.596389443, 0.687623605, 0.492617794, 0.686718182, 0.666629896, 0.431204235, 0.433249421, 0.219570551, 0.119163464, 0.404882870, 0.525301388, 0.468610989, 0.422533781, 0.356587301, 0.305230659, 0.000000000, 0.000000000, 0.000000000, 0.000000000
 0.000000000, 0.000000000, 0.000000000, 0.000000000, 0.000000000, 0.000000000, 0.019765361, 0.020757004, 0.000000000, 0.000000000, 0.003270586, 0.021542897, 0.039485678, 0.000000000, 0.000000000, 0.000000000, 0.000000000, 0.086467956, 0.138526970, 0.251835376, 0.297029382, 0.197261664, 0.404812031, 1.023643170, 1.145086103, 0.751361143, 0.990829725, 0.904946830, 0.565996188, 0.243187686, 0.000000000, 0.144188795, 0.425560715, 0.552114016, 0.520018857, 0.455876008, 0.380702179, 0.000000000, 0.000000000, 0.000000000, 0.000000000, 0.000000000
 0.000000000, 0.000000000, 0.000000000, 0.000000000, 0.000000000, 0.025700177, 0.054720445, 0.037214378, 0.000000000, 0.000000000, 0.000000000, 0.009177991, 0.014256707, 0.000000000, 0.000000000, 0.000000000, 0.000000000, 0.282544666, 0.196051204, 0.398857817, 0.670447415, 0.260511133, 0.646778285, 2.095394968, 2.279174216, 0.785721399, 0.000000000, 0.591003474, 0.540878516, 0.000000000, 0.000000000, 0.000000000, 0.406157641, 0.785225305, 0.777321148, 0.675208741, 0.552278270, 0.402334038, 0.290819292, 0.000000000, 0.000000000, 0.000000000
 0.000000000, 0.000000000, 0.000000000, 0.000000000, 0.000000000, 0.011956531, 0.025905592, 0.017413743, 0.011286999, 0.012995536, 0.000000000, 0.000000000, 0.000000000, 0.000000000, 0.000000000, 0.595418779, 0.852253727, 1.066545022, 0.621944646, 0.661819124, 1.047787612, 0.391544145, 0.945603601, 2.954209609, 4.108799330, 2.241022799, 2.169556555, 3.022134784, 0.935735634, 0.000000000, 0.000000000, 0.000000000, 0.676751810, 1.266517354, 1.243829938, 0.999762105, 0.784221578, 0.644278350, 0.336834807, 0.151592309, 0.000000000, 0.000000000
 0.000000000, 0.000000000, 0.000000000, 0.000000000, 0.000000000, 0.000000000, 0.000000000, 0.000000000, 0.000000000, 0.025766932, 0.024918281, 0.000000000, 0.000000000, 0.000000000, 0.000000000, 0.524224720, 1.178621618, 1.174187448, 0.502829491, 0.525210966, 0.836128394, 0.308686118, 0.743906564, 2.241433312, 3.157838487, 1.901454438, 1.984772004, 2.900820480, 0.995085272, 0.000000000, 0.000000000, 0.000000000, 0.000000000, 1.082905641, 1.937733772, 1.613996456, 1.176997357, 1.027260948, 0.415472713, 0.000000000, 0.000000000, 0.000000000
 0.000000000, 0.000000000, 0.000000000, 0.000000000, 0.000000000, 0.000000000, 0.005281186, 0.003040664, 0.015625555, 0.019221910, 0.005724490, 0.006267344, 0.000000000, 0.000000000, 0.000000000, 0.000000000, 0.219131198, 0.466877568, 0.382081934, 0.372797046, 0.264524481, 0.130179673, 0.513123545, 1.083644105, 1.612253129, 2.095052369, 2.300821392, 1.808909646, 0.656506143, 0.000000000, 0.000000000, 0.000000000, 0.464339309, 1.326528593, 1.731832580, 1.751063888, 1.520978883, 1.127608505, 0.706113086, 0.298553454, 0.000000000, 0.000000000
 0.000000000, 0.000000000, 0.000000000, 0.000000000, 0.000000000, 0.000000000, 0.000000000, 0.000000000, 0.004775841, 0.005457730, 0.000000000, 0.000000000, 0.000000000, 0.000000000, 0.000000000, 0.000000000, 0.000000000, 0.000000000, 0.000000000, 0.000000000, 0.000000000, 0.325548548, 0.378172782, 0.641995684, 1.029273402, 1.319101468, 1.415831227, 1.067777586, 0.372917799, 0.000000000, 0.000000000, 0.000000000, 0.303144431, 0.848460079, 1.080901201, 1.079911678, 0.983991545, 0.755006719, 0.372288070, 0.103324196, 0.000000000, 0.000000000
 0.000000000, 0.000000000, 0.000000000, 0.000000000, 0.000000000, 0.000000000, 0.000000000, 0.000000000, 0.000000000, 0.000000000, 0.007536045, 0.006816918, 0.000000000, 0.000000000, 0.000000000, 0.000000000, 0.000000000, 0.000000000, 0.000000000, 0.000000000, 0.000000000, 0.000000000, 0.306307707, 0.551812519, 0.885993830, 1.172397434, 1.265171621, 0.954899187, 0.664246088, 0.651223475, 0.671072833, 0.596711851, 0.642867158, 0.735440916, 0.669704947, 0.637155571, 0.574107279, 0.455595747, 0.340203198, 0.000000000, 0.000000000, 0.000000000
 0.000000000, 0.000000000, 0.000000000, 0.000000000, 0.000000000, 0.000000000, 0.000000000, 0.012577067, 0.020489105, 0.012105928, 0.016262566, 0.021741139, 0.013915259, 0.000000000, 0.000000000, 0.000000000, 0.000000000, 0.000000000, 0.000000000, 0.000000000, 0.000000000, 0.000000000, 0.305631044, 0.604105394, 1.072713683, 1.469239518, 1.582594776, 1.181865640, 0.833859042, 1.217057886, 1.189855513, 0.426674241, 0.455917396, 0.789435161, 0.671710026, 0.640388992, 0.569261866, 0.445144814, 0.331736862, 0.000000000, 0.000000000, 0.000000000
 0.000000000, 0.000000000, 0.000000000, 0.000000000, 0.000000000, 0.000000000, 0.000000000, 0.043741124, 0.032087555, 0.009893178, 0.000000000, 0.008009457, 0.008585320, 0.000000000, 0.000000000, 0.000000000, 0.000000000, 0.000000000, 0.000000000, 0.000000000, 0.339255456, 0.117069954, 0.191434621, 0.840391504, 1.483101032, 1.916744443, 2.065465462, 1.552775467, 1.629660442, 2.137980352, 1.554748663, 0.525914312, 0.231402383, 0.718480720, 0.846175982, 0.818249348, 0.697953313, 0.500019412, 0.247938261, 0.099729632, 0.000000000, 0.000000000
 0.000000000, 0.000000000, 0.000000000, 0.000000000, 0.000000000, 0.000000000, 0.000000000, 0.000000000, 0.000000000, 0.008131108, 0.015020663, 0.007890672, 0.000000000, 0.139059485, 0.000000000, 0.216529817, 0.487829422, 0.535171343, 0.485511574, 0.496229992, 0.545009490, 0.367184764, 0.400245477, 1.242538822, 2.230316414, 2.835222238, 2.906344423, 2.120597266, 2.133995185, 2.768522532, 2.177740499, 0.760295073, 0.354430574, 1.009910875, 1.159588422, 1.118504578, 0.937875022, 0.637574576, 0.295819387, 0.109140814, 0.000000000, 0.000000000
 0.000000000, 0.000000000, 0.000000000, 0.000000000, 0.000000000, 0.000000000, 0.000000000, 0.003250655, 0.007622175, 0.003848860, 0.000000000, 0.000000000, 0.000000000, 0.216118159, 0.000000000, 0.000000000, 0.676301964, 1.101739895, 1.053612328, 1.073956944, 1.094462669, 0.777467930, 0.757360628, 2.167452215, 4.044909234, 5.169516515, 5.085919008, 4.760861268, 5.007348122, 5.038035144, 4.096540858, 1.473417464, 1.087157280, 1.930608815, 1.838630773, 1.659561267, 1.211031757, 0.694220508, 0.332903321, 0.125210559, 0.000000000, 0.000000000
 0.000000000, 0.000000000, 0.000000000, 0.000000000, 0.000000000, 0.012084593, 0.019736581, 0.011857204, 0.000000000, 0.000000000, 0.000000000, 0.000000000, 0.000000000, 0.272022517, 0.000000000, 0.000000000, 1.166875511, 2.008548371, 1.983739639, 1.970084986, 2.052439668, 1.515688117, 1.510550488, 4.040933901, 6.944845820, 8.505268726, 8.792944059, 8.894611697, 9.472879142, 9.440844086, 9.782980861, 5.046281137, 2.739257065, 4.633236248, 3.356950397, 2.353087954, 1.899132968, 0.941403150, 0.449837209, 0.264903905, 0.000000000, 0.000000000
 0.000000000, 0.000000000, 0.000000000, 0.000000000, 0.000000000, 0.000000000, 0.020294279, 0.017593625, 0.000000000, 0.000000000, 0.000000000, 0.000000000, 0.000000000, 0.316878597, 0.000000000, 0.000000000, 1.113815473, 2.001213419, 2.036326678, 2.108433343, 2.349559992, 2.039776045, 2.442103157, 5.572821333, 8.825434161,11.008408370,11.860450747,12.138993426, 9.247485175, 8.684327907,11.168720996, 8.531428330, 5.478770179, 3.334235482, 4.461140054, 3.279290190, 3.226356407, 2.925690611, 1.734763332, 0.465209023, 0.000000000, 0.000000000
 0.000000000, 0.000000000, 0.000000000, 0.000000000, 0.000000000, 0.008935686, 0.017332617, 0.012714850, 0.002691322, 0.000000000, 0.000000000, 0.000000000, 0.000000000, 0.573025887, 0.388726670, 0.409422375, 0.982993494, 1.205732381, 1.275738403, 1.397421787, 1.709960060, 2.277637513, 2.964426488, 4.844664673, 7.105704019, 8.686124162, 9.517524156, 9.659266604, 9.665965790, 9.550957541, 9.108852589, 8.555912993, 5.799584958, 3.416256889, 3.632715159, 4.231932674, 4.167188195, 3.744110733, 1.632549295, 0.000000000, 0.000000000, 0.000000000
 0.000000000, 0.000000000, 0.000000000, 0.000000000, 0.020237013, 0.010811758, 0.002681250, 0.000000000, 0.000000000, 0.000000000, 0.000000000, 0.000000000, 0.000000000, 0.677200295, 0.267692526, 0.234459911, 0.508299655, 0.582571431, 0.606477319, 0.722710468, 0.919324370, 1.265973614, 1.795460613, 2.997418197, 4.336094432, 5.439733436, 6.129486778, 6.254408725, 6.148685163, 5.778029166, 5.440446697, 5.105543972, 3.403768813, 2.944358583, 2.127201091, 2.498397490, 2.368240417, 1.989268859, 1.642680806, 0.000000000, 0.000000000, 0.000000000
 0.000000000, 0.000000000, 0.000000000, 0.000000000, 0.000000000, 0.000000000, 0.000000000, 0.000000000, 0.028791039, 0.028004051, 0.000000000, 0.000000000, 0.000000000, 0.545169914, 0.203158276, 0.180739344, 0.430426867, 0.505430370, 0.489975304, 0.557849870, 0.684927211, 0.869057286, 1.146294095, 1.850471230, 3.022340967, 4.132623754, 4.685936117, 4.906858153, 4.995959830, 4.829589873, 4.695796928, 4.510763222, 3.015944906, 1.876532239, 1.878047235, 1.805512647, 1.653105803, 1.336341459, 1.012016588, 0.665526575, 0.000000000, 0.000000000
 0.000000000, 0.000000000, 0.000000000, 0.000000000, 0.000000000, 0.000000000, 0.000000000, 0.000000000, 0.000000000, 0.000000000, 0.000000000, 0.000000000, 0.000000000, 0.292552926, 0.188291154, 0.170540402, 0.403825521, 0.494544386, 0.489730634, 0.526608661, 0.641399891, 0.768983572, 0.957750859, 1.695549337, 2.953025721, 4.107802137, 4.571691160, 4.645006036, 4.653646934, 4.594997288, 4.691882107, 3.588476954, 1.575308264, 1.365428466, 1.680671229, 1.580961824, 1.488219847, 1.378120726, 1.204132633, 0.740043291, 0.000000000, 0.000000000
 0.000000000, 0.000000000, 0.000000000, 0.124105849, 0.000000000, 0.000000000, 0.000000000, 0.000000000, 0.008406635, 0.008736023, 0.000000000, 0.000000000, 0.000000000, 0.375458539, 0.365679349, 0.176770001, 0.401008201, 0.442427236, 0.435090406, 0.490985013, 0.611592108, 0.745927495, 0.949160996, 1.894415217, 3.312374308, 4.468871201, 5.091525985, 5.155448159, 5.079192743, 5.014869975, 5.135209984, 4.955621483, 3.625636188, 2.037899761, 1.471214028, 1.480352411, 1.410459067, 1.266249094, 1.083548154, 0.644832096, 0.000000000, 0.000000000
 0.000000000, 0.000000000, 0.000000000, 0.113092025, 0.000000000, 0.000000000, 0.000000000, 0.000000000, 0.000000000, 0.000000000, 0.000000000, 0.000000000, 0.000000000, 0.345866604, 0.659180793, 0.484723377, 0.403995377, 0.470873688, 0.431520362, 0.493288661, 0.623282648, 0.760300320, 0.965457776, 1.939614221, 3.475178692, 4.705881484, 5.457825405, 5.842492103, 6.107281593, 6.310921006, 6.453715440, 6.057711013, 4.375223893, 2.410631266, 1.588135124, 1.449881839, 1.357824563, 1.167815930, 1.040494833, 0.642972944, 0.000000000, 0.000000000
 0.000000000, 0.000000000, 0.000000000, 0.106924168, 0.000000000, 0.000000000, 0.000000000, 0.000000000, 0.000000000, 0.000000000, 0.000000000, 0.000000000, 0.000000000, 0.283238428, 0.575529909, 0.474102925, 0.439957598, 0.529077860, 0.507480064, 0.506005954, 0.656291581, 0.859661832, 1.074266431, 2.135075058, 4.268100008, 6.067805505, 7.906453220, 9.507838909, 9.538561037, 9.535873815, 9.594743197, 8.298605546, 6.355272653, 4.045677780, 2.131125800, 1.483821236, 1.284394720, 1.115640470, 1.068164840, 1.036912314, 0.359003708, 0.000000000
 0.000000000, 0.000000000, 0.000000000, 0.139022165, 0.000000000, 0.000000000, 0.000000000, 0.000000000, 0.000000000, 0.000000000, 0.000000000, 0.000000000, 0.000000000, 0.197516270, 0.668403459, 0.735111002, 0.736915957, 0.675014221, 0.635451397, 0.704225824, 0.821558488, 0.909928020, 1.139691061, 2.546034441, 5.447499382, 8.877984726,12.519768290,15.522168555,16.176455732,16.042179894,15.199814629,10.780333135, 6.122674300, 4.454117132, 2.831261139, 1.766246642, 1.434402402, 1.189775133, 1.395499355, 1.432773794, 0.422315762, 0.000000000
 0.000000000, 0.000000000, 0.000000000, 0.091083661, 0.000000000, 0.012508121, 0.029245448, 0.027807516, 0.000000000, 0.000000000, 0.000000000, 0.000000000, 0.026521798, 0.473624646, 1.037936525, 1.065072565, 1.029047676, 0.942601372, 0.791628323, 0.830472742, 1.023751765, 1.153141875, 1.491914320, 3.352914911, 8.406480776,13.156127865,19.309965094,26.462792274,28.945709465,27.864599381,20.793810823, 8.633631788, 3.115225193, 3.515923625, 2.679737453, 2.124914892, 1.976145883, 1.541400851, 1.680254144, 1.938978981, 0.475873608, 0.000000000
 0.000000000, 0.000000000, 0.000000000, 0.053300225, 0.000000000, 0.000000000, 0.000000000, 0.000000000, 0.000000000, 0.000000000, 0.000000000, 0.000000000, 0.000000000, 0.201285269, 0.939753392, 1.168491234, 1.205584388, 1.197596553, 1.010170586, 1.001685308, 1.167439935, 1.432997695, 1.815927452, 3.194158767, 8.608255259,18.082887976,22.777925054,27.382897562,28.186590166,26.653530198,20.537053323,20.508317514,12.644498383, 0.000000000, 2.990311935, 2.603135823, 2.294289021, 2.118017119, 2.065105379, 2.076531733, 0.664404136, 0.000000000
 0.000000000, 0.000000000, 0.000000000, 0.061294559, 0.000000000, 0.000000000, 0.000000000, 0.000000000, 0.000000000, 0.000000000, 0.000000000, 0.000000000, 0.000000000, 0.193958640, 1.154003453, 1.598010281, 1.295714300, 1.131177850, 1.015704792, 1.170934987, 1.445477060, 1.769963132, 1.628510687, 3.368056099,11.222751412,24.968968081,31.134169167,29.766130696,29.155070261,30.277287434,30.735758829,31.391485612,15.239620783, 0.000000000, 4.256350525, 2.946194289, 2.159205824, 1.901449371, 2.094276755, 2.402051158, 1.031411504, 0.000000000
 0.000000000, 0.000000000, 0.000000000, 0.000000000, 0.000000000, 0.000000000, 0.000000000, 0.000000000, 0.000000000, 0.000000000, 0.000000000, 0.000000000, 0.000000000, 0.000000000, 0.876694300, 1.786972475, 1.566772982, 1.570336571, 1.422902126, 1.549921114, 1.890392979, 2.302805580, 1.810290481, 6.521186083,18.403038690,24.799843970,26.935730521,24.947295720,22.789079391,21.950347691,21.350955446,21.189550643,17.759367427, 0.000000000, 1.810582601, 3.224829979, 3.391206740, 2.325382921, 2.689620510, 3.047226963, 1.311939883, 0.000000000
 0.000000000, 0.000000000, 0.000000000, 0.000000000, 0.000000000, 0.000000000, 0.000000000, 0.000000000, 0.000000000, 0.000000000, 0.000000000, 0.000000000, 0.000000000, 0.938350232, 2.408732110, 2.569567162, 2.187356306, 2.171769157, 2.099205856, 2.132146112, 2.378383321, 2.822697866, 2.456736611, 7.032919795,24.542304316,29.207083087,22.597784052,17.930655793,16.910460959,17.760088256,18.776694763,21.074548495,24.539030390, 0.000000000, 5.390910536,10.897601937,11.584173725, 8.839977920, 5.566974097, 2.107298099, 0.000000000, 0.000000000
 0.000000000, 0.111972720, 0.194559483, 0.425119453, 0.000000000, 0.000000000, 0.000000000, 0.000000000, 0.000000000, 0.000000000, 0.000000000, 0.000000000, 0.040573924, 1.041822172, 2.494355273, 2.783493669, 2.810113599, 2.902666005, 3.040438246, 3.168819462, 3.226643432, 2.869803423, 2.699917905, 8.713362022,17.674530103,20.006445771,19.263292336,15.183688761,13.579425262,12.763029936,12.820862269,13.293115797,14.389513746, 7.971397370,15.370824568,22.486873914,20.049159248,15.083984160,11.480368718, 8.410692686, 1.499766052, 0.000000000
 0.000000000, 0.152944887, 0.165191007, 0.476665191, 0.000000000, 0.000000000, 0.000000000, 0.000000000, 0.000000000, 0.000000000, 0.000000000, 0.048294186, 0.214330371, 1.264672363, 3.597271860, 4.422990097, 3.903879893, 3.762620111, 3.808673215, 4.044143987, 4.714283968, 6.340942365, 4.495609198, 0.000000000, 4.444695049,10.552767204,10.660581050, 9.462893016, 9.467419544,10.264471022,10.875694106,11.863663965,13.469717253,16.168306305,23.587692654,25.884923305,19.600772490,13.498906747,10.793126964, 9.485095671, 2.418050438, 0.000000000
 0.000000000, 0.496753757, 0.644777780, 0.659442913, 0.000000000, 0.000000000, 0.000000000, 0.000000000, 0.000000000, 0.000000000, 0.000000000, 0.099751611, 0.502436465, 2.438731422, 5.183482003, 7.046485489, 6.989558793, 7.137711028, 7.397473976, 7.328218557, 7.794979714, 9.622863101, 6.356224954, 2.766269132, 9.817896246,13.363453908,11.941479958,11.046986608,10.587446729,10.374860715,10.381101671,10.185531604,10.025342122,10.642755289,15.365945673,19.664681085,14.442685011,13.205147128,17.338200663, 0.000000000, 0.000000000, 0.000000000
 0.000000000, 0.356931764, 0.517872034, 0.903757129, 0.000000000, 0.000000000, 0.000000000, 0.000000000, 0.000000000, 0.000000000, 0.000000000, 0.000000000, 0.000000000, 2.394057508, 6.945430593,10.961510958,11.176477124,10.425574261, 9.651524602, 9.655059284,10.571395310,12.000124823, 6.526487302, 0.000000000, 7.013376587, 9.699524542, 7.993146053, 7.174736989, 6.882141895, 7.110245485, 5.876303255, 5.493472143, 8.192022698,10.568566026,11.562802326,13.185949862,14.720713606,17.413182293,20.206597507, 0.000000000, 0.000000000, 0.000000000
 0.000000000, 0.000000000, 0.719075529, 0.974951824, 0.000000000, 0.000000000, 0.000000000, 0.000000000, 0.000000000, 0.000000000, 0.000000000, 0.000000000, 0.385402826, 3.074933990, 9.314470827,18.390929055,22.080038267,21.382275029,19.982340893,19.247015498,21.126669253,22.877138774,24.320445751,12.639741710, 8.246560421,11.214171325, 9.920191467, 9.289014305, 9.414969602, 9.650657937,10.262422733,11.003995632,11.755780190,12.536254206,12.332853027,13.693090368,16.808240103,16.450606478,18.348083732,19.502634922, 0.000000000, 0.000000000
 0.000000000, 0.601826302, 1.107777413, 2.763257661, 0.225913317, 0.000000000, 0.000000000, 0.000000000, 0.000000000, 0.000000000, 0.000000000, 0.000000000, 0.268365440, 2.367565783,10.197418647,19.695530173,25.285508126,27.818858574,27.619360849,27.248265507,27.040303262,27.459652870,27.023307061,21.522498297,15.570929989,12.117279220,11.034675565, 9.771293635, 9.082836090, 9.069823273, 8.656306306, 8.384491517, 8.390256594, 6.480198447, 5.239983627, 7.863363137,10.537601490,10.263016662,10.758524501,12.371168259, 7.151225650, 0.000000000
 0.000000000, 0.000000000, 0.000000000, 2.060223892, 0.000000000, 0.000000000, 0.000000000, 0.000000000, 0.000000000, 0.000000000, 0.000000000, 0.000000000, 0.137868100, 2.472936400,10.059022015,16.775042489,17.238482850,16.892813762,17.271545470,16.514956132,15.611655405,15.061182786,14.518386896,12.738614646,10.227660899, 9.227123243, 8.988236708, 8.740968370, 9.003662472, 9.586875301,10.340603288, 9.947428132, 8.715462475, 8.515534715, 9.376799386, 9.727141277,12.349433799,17.101705803,19.109533974, 0.000000000, 0.000000000, 0.000000000
 0.000000000, 0.000000000, 0.000000000, 0.000000000, 0.000000000, 0.000000000, 0.000000000, 0.000000000, 0.000000000, 0.000000000, 0.000000000, 0.190966424, 0.603363768, 5.101949455,13.833258438,23.580001544,25.425192980,22.575064840,19.035477095,17.577268755,18.299297952,19.092112799,19.147051937,19.924431948,20.208235016,18.201131334,17.363790973,17.501087601,17.043270131,17.291778949,18.335510821,19.333872450,18.505025883,16.727145179,14.312499308,16.300422840,19.459317262,17.510064601,15.866912343, 0.000000000, 0.000000000, 0.000000000
 0.000000000, 0.000000000, 2.972542581, 6.968371331, 1.357764027, 0.000000000, 0.000000000, 0.000000000, 0.000000000, 0.000000000, 0.000000000, 0.184880869, 0.836368920, 6.523837488,14.348291725,24.162516311,28.569969337,29.599772212,28.980607196,27.033866262,26.275160259,25.326072461,25.335571587,25.230473156,24.066379990,23.783271137,22.298888395,20.183540422,19.709526119,18.930263878,17.504021169,16.491369923,14.065135106,11.318195327, 9.572409360, 9.125033794, 9.588440239, 8.186910070, 8.267028815, 9.560512947, 0.000000000, 0.000000000
 0.000000000, 0.000000000, 0.000000000, 1.803230314, 0.000000000, 0.000000000, 0.000000000, 0.000000000, 0.000000000, 0.000000000, 0.000000000, 0.000000000, 0.421022408, 3.649085005, 6.634694756, 6.206906569, 5.306713482, 5.580993760, 5.792140681, 5.515182845, 4.955266779, 4.871639934, 4.779873844, 4.851986667, 4.959611640, 4.813863320, 4.917057206, 4.978256784, 4.977698928, 5.109085747, 4.987251917, 5.186206515, 4.838914258, 7.807362789,11.698943790,12.225958218,13.589750556,14.910709823,14.372181571,14.008140639,13.668457864, 0.000000000
 0.000000000, 2.809837253, 4.217815747, 4.040944611, 2.788899606, 0.754802336, 0.000000000, 0.000000000, 0.000000000, 0.000000000, 0.696809842, 1.245697940, 1.789082446, 7.268341934,20.343069264,24.994482602,15.028636206, 8.319784097, 8.566750867,11.331348114,13.305436099,11.907934195,12.422749240,14.608488310,15.438836332,15.884166830,16.376608991,16.566415344,16.570942422,17.184750423, 7.077877937, 7.515378413, 7.647146654,14.860062652,24.202899266,25.965623286,26.459550509,27.181150058,27.986412822,26.900537506,24.698893390, 0.000000000
 0.000000000, 2.941437389, 6.767089036, 9.745533612, 9.747028454, 6.546776957, 2.796479981, 0.986379603, 0.584080550, 0.728202346, 1.961618789, 2.969274142, 3.489096632,11.422896171,31.699412529,42.983737508,38.719192785,32.208629807,29.322153030,27.455158355,27.118729366,27.518795637,26.089513448,27.175045184,31.230357480,33.375676024,32.072149478,31.240536535,32.017176002,33.167416683,12.351508786,12.419867416,12.579152424,21.485988513,30.264997660,29.866156070,29.403531311,28.852028970,26.335676532,23.249786531,21.740016649, 0.000000000
 0.000000000, 2.340170551, 5.490993417, 9.303709065,13.091880781,13.616024536, 9.860066611, 3.931227864, 1.264060657, 1.181975463, 1.764763708, 4.649366539,11.173460463,18.484839656,31.592123058,41.183661254,38.216004356,34.979650391,34.078251763,35.436816406,36.029124937,33.423159746,32.191827523,32.817291562,33.303189066,34.864303626,36.062360887,34.398597867,31.561850214,29.827893798,10.649662451,10.044922745, 9.383815942,10.652382555,14.196790479,15.157846586,13.421593762,12.032426923,11.108273407, 9.866433337, 8.585413940, 0.000000000
 0.000000000, 0.969381707, 3.240423238, 6.416205742, 9.029160660, 7.676060944, 4.043666467, 2.203931472, 1.747860022, 1.396560759, 3.225904407, 6.620281137, 8.869004580, 7.389773772,12.847411363,16.264161928,14.303027388,17.261253391,18.915361837,17.949385912,19.424664247,18.374848963,14.953705453,15.258651321,17.222092271,18.201665700,16.962895045,15.112423135,14.202403725,13.307912282, 5.718210344, 5.504809015, 5.490536942, 5.766491877, 6.139995267, 5.356403547, 5.325485053, 5.925431588, 5.689826931, 6.074505314, 5.947531092, 0.000000000
 0.000000000, 1.070154936, 1.816534253, 2.073091016, 1.807421428, 0.954785060, 0.787102965, 1.019515291, 1.273303331, 1.213124487, 1.927578584, 3.141368450, 2.529557005, 0.000000000, 0.000000000, 0.000000000, 5.645056040, 6.558470410, 4.467783311, 3.587789540, 3.405746988, 4.185973200, 5.323950967, 6.339725795, 8.063570898, 9.303144589, 9.206759901, 9.000403365, 9.309194232, 9.474579187, 9.812719683,10.277500244,10.851024312,11.015942182,11.775634894,12.170960857,10.992639939,11.724814821,12.505827331,13.060181916,13.624641508, 0.000000000
 0.000000000, 1.721371591, 4.910360398, 6.235190619, 3.413118435, 0.000000000, 0.349467383, 1.642585509, 1.167970854, 0.000000000, 0.533386881, 1.491869476, 3.300688155,13.082365216,21.519475426, 0.000000000, 0.000000000, 8.237434367, 8.248434200, 2.361726010, 0.000000000, 2.736400763, 8.947364911,12.877358108,15.066660109,17.227885918,18.192635152,18.270721236,18.859985231,19.809221204,21.068449210,22.412050922,23.749084849,22.872814869,24.310216629,27.736556561,27.547500505,28.064857000,28.305779717,27.378233314,26.279942226, 0.000000000
 0.000000000, 2.147976820, 6.497557406,15.609981939, 5.188684089, 1.561822556, 4.224641149, 6.680385305, 6.446266471, 3.696582758, 1.417527885, 2.601903687, 5.668113570,23.774925435,45.485205382,62.441583862,56.397106328,39.307055939,27.131292966,19.730249445,13.037695876,11.087462282,14.941012443,19.746273530,24.343885857,29.269453054,33.401972089,35.700534707,36.125011864,35.831407492,36.004930031,36.500001589,37.270504292,35.891500498,34.661519124,34.578100859,32.748622672,30.577404177,28.674611238,28.078012087,29.137760334, 0.000000000
