 0.000000000, 0.000000000, 0.000000000, 0.073630481, 0.194352248, 0.100398659, 0.006197467, 0.012373411, 0.015579727, 0.041565639, 0.076487051, 0.079440533, 0.037968084, 0.082557980, 0.104288577, 0.000000000, 0.000000000, 0.000000000, 0.000000000, 0.000000000, 0.000000000, 0.000000000, 0.000000000, 0.000000000, 0.000000000, 0.000000000, 0.000000000, 0.000000000, 0.000000000, 0.000000000, 0.000000000, 0.000000000, 0.000000000, 0.000000000, 0.000000000, 0.000000000, 0.000000000, 0.000000000, 0.000000000, 0.000000000, 0.000000000, 0.000000000, 0.000000000, 0.000000000, 0.000000000, 0.000000000
 0.000000000, 0.086360398, 0.069317330, 0.094776848, 0.169322316, 0.149610808, 0.095059711, 0.034600027, 0.044418302, 0.052851859, 0.022910860, 0.000000000, 0.000000000, 0.029384416, 0.048567112, 0.000000000, 0.000000000, 0.000000000, 0.000000000, 0.000000000, 0.000000000, 0.000000000, 0.000000000, 0.000000000, 0.000000000, 0.000000000, 0.000000000, 0.000000000, 0.000000000, 0.000000000, 0.000000000, 0.000000000, 0.000000000, 0.000000000, 0.000000000, 0.000000000, 0.000000000, 0.000000000, 0.000000000, 0.000000000, 0.000000000, 0.000000000, 0.000000000, 0.000000000, 0.000000000, 0.000000000
 0.000000000, 0.060894258, 0.130329246, 0.133990328, 0.074742265, 0.079285733, 0.067581923, 0.017073042, 0.056362164, 0.063077118, 0.036348458, 0.025755085, 0.031166408, 0.015462176, 0.000000000, 0.000000000, 0.000000000, 0.000000000, 0.000000000, 0.000000000, 0.000000000, 0.000000000, 0.000000000, 0.000000000, 0.000000000, 0.000000000, 0.000000000, 0.000000000, 0.000000000, 0.000000000, 0.000000000, 0.000000000, 0.000000000, 0.000000000, 0.000000000, 0.000000000, 0.000000000, 0.000000000, 0.000000000, 0.000000000, 0.000000000, 0.000000000, 0.000000000, 0.000000000, 0.000000000, 0.000000000
 0.000000000, 0.049884344, 0.060522549, 0.060997978, 0.036886977, 0.060340838, 0.076894029, 0.014323620, 0.068310112, 0.154988127, 0.136307122, 0.073587832, 0.073755978, 0.049426432, 0.013255251, 0.000000000, 0.000000000, 0.000000000, 0.000000000, 0.000000000, 0.000000000, 0.000000000, 0.000000000, 0.000000000, 0.000000000, 0.000000000, 0.000000000, 0.000000000, 0.000000000, 0.000000000, 0.000000000, 0.000000000, 0.000000000, 0.000000000, 0.000000000, 0.000000000, 0.000000000, 0.000000000, 0.000000000, 0.000000000, 0.000000000, 0.000000000, 0.000000000, 0.000000000, 0.000000000, 0.000000000
 0.000000000, 0.058242439, 0.048814417, 0.071415602, 0.073680124, 0.081976004, 0.000000000, 0.000000000, 0.000000000, 0.000000000, 0.019000092, 0.072985133, 0.068171511, 0.022939193, 0.017799785, 0.000000000, 0.000000000, 0.000000000, 0.000000000, 0.000000000, 0.000000000, 0.000000000, 0.000000000, 0.000000000, 0.000000000, 0.000000000, 0.000000000, 0.000000000, 0.000000000, 0.000000000, 0.000000000, 0.000000000, 0.000000000, 0.000000000, 0.000000000, 0.000000000, 0.000000000, 0.000000000, 0.000000000, 0.000000000, 0.000000000, 0.000000000, 0.000000000, 0.000000000, 0.000000000, 0.000000000
 0.000000000, 0.100160239, 0.061972803, 0.052278569, 0.051057807, 0.000000000, 0.000000000, 0.000000000, 0.000000000, 0.000000000, 0.000000000, 0.000000000, 0.000000000, 0.005846155, 0.014854220, 0.000000000, 0.000000000, 0.000000000, 0.000000000, 0.000000000, 0.000000000, 0.000000000, 0.000000000, 0.000000000, 0.000000000, 0.000000000, 0.000000000, 0.119719515, 0.183558612, 0.179053891, 0.000000000, 0.000000000, 0.000000000, 0.000000000, 0.000000000, 0.000000000, 0.000000000, 0.000000000, 0.000000000, 0.000000000, 0.000000000, 0.000000000, 0.000000000, 0.000000000, 0.000000000, 0.000000000
 0.000000000, 0.150388507, 0.091708526, 0.075039229, 0.000000000, 0.000000000, 0.000000000, 0.000000000, 0.000000000, 0.000000000, 0.000000000, 0.000000000, 0.000000000, 0.000000000, 0.000000000, 0.000000000, 0.000000000, 0.000000000, 0.000000000, 0.000000000, 0.000000000, 0.000000000, 0.000000000, 0.000000000, 0.000000000, 0.000000000, 0.000000000, 0.000000000, 0.056708087, 0.170817065, 0.260969119, 0.261947606, 0.231453818, 0.000000000, 0.000000000, 0.000000000, 0.000000000, 0.000000000, 0.000000000, 0.000000000, 0.000000000, 0.000000000, 0.000000000, 0.000000000, 0.000000000, 0.000000000
 0.000000000, 0.062203992, 0.073204775, 0.000000000, 0.000000000, 0.000000000, 0.000000000, 0.000000000, 0.000000000, 0.000000000, 0.000000000, 0.000000000, 0.000000000, 0.000000000, 0.000000000, 0.000000000, 0.000000000, 0.000000000, 0.000000000, 0.000000000, 0.000000000, 0.000000000, 0.000000000, 0.000000000, 0.000000000, 0.000000000, 0.000000000, 0.000000000, 0.000000000, 0.146304105, 0.267000292, 0.316931461, 0.328471280, 0.285515812, 0.234908717, 0.000000000, 0.000000000, 0.000000000, 0.000000000, 0.000000000, 0.000000000, 0.000000000, 0.000000000, 0.000000000, 0.000000000, 0.000000000
 0.000000000, 0.015071963, 0.017419003, 0.000000000, 0.000000000, 0.000000000, 0.000000000, 0.000000000, 0.000000000, 0.000000000, 0.034032885, 0.058038221, 0.082924457, 0.038562985, 0.004649694, 0.000000000, 0.000000000, 0.000000000, 0.000000000, 0.000000000, 0.000000000, 0.000000000, 0.000000000, 0.000000000, 0.000000000, 0.000000000, 0.000000000, 0.000000000, 0.000000000, 0.000000000, 0.000000000, 0.000000000, 0.000000000, 0.000000000, 0.000000000, 0.000000000, 0.000000000, 0.000000000, 0.000000000, 0.000000000, 0.000000000, 0.000000000, 0.000000000, 0.000000000, 0.000000000, 0.000000000
 0.000000000, 0.087649904, 0.095425843, 0.000000000, 0.000000000, 0.000000000, 0.000000000, 0.000000000, 0.000000000, 0.000000000, 0.056699101, 0.053201688, 0.039248226, 0.009844707, 0.000000000, 0.000000000, 0.000000000, 0.000000000, 0.000000000, 0.000000000, 0.000000000, 0.000000000, 0.000000000, 0.000000000, 0.000000000, 0.000000000, 0.000000000, 0.000000000, 0.000000000, 0.000000000, 0.000000000, 0.000000000, 0.000000000, 0.000000000, 0.000000000, 0.000000000, 0.000000000, 0.000000000, 0.000000000, 0.000000000, 0.000000000, 0.000000000, 0.000000000, 0.000000000, 0.000000000, 0.000000000
 0.000000000, 0.051392778, 0.050804708, 0.000000000, 0.000000000, 0.000000000, 0.000000000, 0.000000000, 0.000000000, 0.000000000, 0.000000000, 0.054905554, 0.036475856, 0.011572115, 0.000000000, 0.000000000, 0.000000000, 0.000000000, 0.000000000, 0.000000000, 0.000000000, 0.000000000, 0.000000000, 0.000000000, 0.125767056, 0.209745994, 0.139605011, 0.147965917, 0.234467839, 0.322718818, 0.319482818, 0.313551772, 0.332499721, 0.000000000, 0.000000000, 0.000000000, 0.000000000, 0.000000000, 0.000000000, 0.000000000, 0.000000000, 0.000000000, 0.000000000, 0.000000000, 0.000000000, 0.000000000
 0.000000000, 0.042317881, 0.037853910, 0.000000000, 0.000000000, 0.000000000, 0.000000000, 0.000000000, 0.000000000, 0.000000000, 0.000000000, 0.000000000, 0.007792151, 0.004407881, 0.000000000, 0.000000000, 0.000000000, 0.000000000, 0.000000000, 0.000000000, 0.000000000, 0.000000000, 0.000000000, 0.000000000, 0.114033858, 0.330367826, 0.337050774, 0.280426225, 0.395930030, 0.593246665, 0.602031043, 0.556363481, 0.509478624, 0.347232616, 0.274237344, 0.326661260, 0.278142832, 0.160806563, 0.000000000, 0.207974067, 0.221106573, 0.175314017, 0.085935507, 0.000000000, 0.000000000, 0.000000000
 0.000000000, 0.024888315, 0.021212004, 0.000000000, 0.000000000, 0.000000000, 0.000000000, 0.000000000, 0.000000000, 0.000000000, 0.000000000, 0.000000000, 0.032602812, 0.020562360, 0.003680334, 0.000000000, 0.000000000, 0.000000000, 0.000000000, 0.000000000, 0.000000000, 0.000000000, 0.000000000, 0.224522439, 0.791821173, 0.822400079, 0.432920575, 0.435898130, 0.654717285, 0.852523790, 0.917417823, 0.868842465, 0.865607726, 0.728969116, 0.610517258, 0.757714889, 0.607756093, 0.327368053, 0.191182892, 0.242673159, 0.230618739, 0.278025863, 0.188636698, 0.000000000, 0.000000000, 0.000000000
 0.000000000, 0.019936687, 0.014870466, 0.000000000, 0.000000000, 0.000000000, 0.000000000, 0.000000000, 0.000000000, 0.000000000, 0.000000000, 0.035046047, 0.045484448, 0.026095553, 0.000000000, 0.000000000, 0.000000000, 0.000000000, 0.000000000, 0.000000000, 0.000000000, 0.000000000, 0.000000000, 0.227126323, 0.747654018, 0.669130411, 0.353227642, 0.505484426, 0.699292642, 0.834630171, 0.882844859, 0.893585568, 0.973173919, 0.945151740, 1.033458380, 1.051208256, 0.687907670, 0.403892163, 0.221685681, 0.000000000, 0.240387942, 0.111535458, 0.000000000, 0.000000000, 0.000000000, 0.000000000
 0.000000000, 0.022715358, 0.016210602, 0.000000000, 0.000000000, 0.000000000, 0.000000000, 0.000000000, 0.000000000, 0.000000000, 0.076440721, 0.143351719, 0.094152743, 0.010711858, 0.000000000, 0.000000000, 0.000000000, 0.000000000, 0.000000000, 0.000000000, 0.000000000, 0.000000000, 0.096400866, 0.275887708, 0.618942254, 0.435953359, 0.249746077, 0.433923549, 0.453222494, 0.478311299, 0.521430035, 0.674777901, 0.643275700, 0.755764456, 1.155019861, 1.117463595, 0.781158727, 0.486403892, 0.324128180, 0.301980340, 0.000000000, 0.000000000, 0.000000000, 0.000000000, 0.000000000, 0.000000000
 0.000000000, 0.003847754, 0.002962024, 0.000000000, 0.000000000, 0.000000000, 0.000000000, 0.000000000, 0.000000000, 0.000000000, 0.000000000, 0.044410110, 0.044112023, 0.011645520, 0.000000000, 0.000000000, 0.000000000, 0.000000000, 0.000000000, 0.000000000, 0.000000000, 0.000000000, 0.135146667, 0.175656624, 0.242800404, 0.288889101, 0.273915126, 0.188003540, 0.181394263, 0.405640649, 0.773946423, 0.819517361, 0.533439798, 0.935562282, 1.745849017, 1.518423287, 0.978059026, 0.630508359, 0.465373669, 0.453611668, 0.318902221, 0.226613147, 0.000000000, 0.000000000, 0.000000000, 0.000000000
 0.000000000, 0.022387877, 0.016528091, 0.000000000, 0.000000000, 0.000000000, 0.000000000, 0.000000000, 0.000000000, 0.000000000, 0.000000000, 0.000000000, 0.000000000, 0.000000000, 0.000000000, 0.000000000, 0.000000000, 0.000000000, 0.000000000, 0.000000000, 0.000000000, 0.000000000, 0.000000000, 0.156717251, 0.177376976, 0.200463526, 0.254310318, 0.251293486, 0.240253887, 0.463575458, 0.833838431, 0.991354263, 1.041135955, 1.324248861, 1.519542785, 1.333166676, 1.030216024, 0.778260518, 0.631479419, 0.559938992, 0.410612037, 0.310080985, 0.000000000, 0.000000000, 0.000000000, 0.000000000
 0.000000000, 0.006432376, 0.005195034, 0.000000000, 0.000000000, 0.000000000, 0.000000000, 0.000000000, 0.000000000, 0.000000000, 0.000000000, 0.000000000, 0.000000000, 0.000000000, 0.000000000, 0.000000000, 0.000000000, 0.000000000, 0.000000000, 0.000000000, 0.000000000, 0.000000000, 0.000000000, 0.108157296, 0.195962988, 0.288452256, 0.371384332, 0.354248298, 0.372603570, 0.454669553, 0.611696216, 0.807680680, 1.000296946, 1.168762088, 1.153254815, 1.042326773, 0.977016824, 0.831783549, 0.685136221, 0.618553869, 0.465896118, 0.236600539, 0.104372949, 0.000000000, 0.000000000, 0.000000000
 0.000000000, 0.004387011, 0.003758741, 0.000000000, 0.000000000, 0.000000000, 0.000000000, 0.000000000, 0.000000000, 0.000000000, 0.000000000, 0.000000000, 0.000000000, 0.000000000, 0.000000000, 0.000000000, 0.000000000, 0.000000000, 0.000000000, 0.000000000, 0.265253335, 0.392859166, 0.365686528, 0.284596592, 0.310928172, 0.429746432, 0.696454226, 0.881576482, 0.714942772, 0.725104855, 1.106611659, 1.387599409, 1.613783914, 1.715006514, 1.672183497, 1.570579543, 1.449850959, 1.169314305, 0.982603732, 0.899519561, 0.599876842, 0.308877759, 0.183389739, 0.000000000, 0.000000000, 0.000000000
 0.000000000, 0.000000000, 0.000000000, 0.000000000, 0.000000000, 0.000000000, 0.000000000, 0.000000000, 0.000000000, 0.000000000, 0.000000000, 0.000000000, 0.000000000, 0.000000000, 0.000000000, 0.000000000, 0.000000000, 0.000000000, 0.000000000, 0.116692305, 0.266885799, 0.414360936, 0.485644822, 0.538704164, 0.456786096, 0.525273757, 0.839782885, 0.960232744, 1.075090315, 1.500766042, 1.905955112, 2.156090937, 2.679349906, 3.145206393, 3.018347267, 2.648185964, 2.437332766, 2.208907714, 1.912563040, 1.439527388, 0.861374015, 0.421276645, 0.107030884, 0.000000000, 0.000000000, 0.000000000
 0.000000000, 0.017705450, 0.014985392, 0.000000000, 0.000000000, 0.000000000, 0.000000000, 0.000000000, 0.000000000, 0.000000000, 0.000000000, 0.000000000, 0.000000000, 0.000000000, 0.000000000, 0.000000000, 0.000000000, 0.000000000, 0.000000000, 0.151969130, 0.305064866, 0.422470211, 0.523200185, 0.596608367, 0.584146830, 0.524667366, 0.647976928, 0.861217091, 0.975749044, 1.460151032, 2.203685242, 2.276907949, 2.300249643, 3.592159808, 4.165444322, 3.351190546, 2.782810828, 2.788305489, 2.649024099, 2.122842163, 1.377495840, 0.911900248, 0.323240280, 0.000000000, 0.000000000, 0.000000000
 0.000000000, 0.000000000, 0.000000000, 0.000000000, 0.000000000, 0.000000000, 0.000000000, 0.000000000, 0.000000000, 0.000000000, 0.000000000, 0.000000000, 0.000000000, 0.000000000, 0.000000000, 0.000000000, 0.000000000, 0.000000000, 0.000000000, 0.098869921, 0.204029379, 0.318794351, 0.423420099, 0.466605421, 0.506888498, 0.601966194, 0.719757373, 0.891102337, 1.078928589, 1.370304117, 1.789307408, 1.773047902, 1.799567337, 2.853381279, 3.427248055, 3.102772350, 2.391935226, 2.109125174, 2.136138011, 1.979032195, 1.563576327, 1.037400716, 0.342363425, 0.000000000, 0.000000000, 0.000000000
 0.000000000, 0.000000000, 0.000000000, 0.000000000, 0.000000000, 0.000000000, 0.000000000, 0.000000000, 0.000000000, 0.000000000, 0.000000000, 0.000000000, 0.000000000, 0.000000000, 0.000000000, 0.000000000, 0.000000000, 0.000000000, 0.000000000, 0.000000000, 0.000000000, 0.270695027, 0.341168110, 0.448678006, 0.510929247, 0.530473394, 0.572638161, 0.585546654, 0.658867363, 0.733183417, 0.862708245, 1.198747548, 1.741373881, 2.020740784, 1.983567838, 1.782377031, 1.388448072, 1.171443994, 1.145723924, 1.090009185, 0.961846500, 0.751309865, 0.274287154, 0.000000000, 0.000000000, 0.000000000
 0.000000000, 0.000000000, 0.000000000, 0.000000000, 0.000000000, 0.000000000, 0.000000000, 0.000000000, 0.000000000, 0.000000000, 0.000000000, 0.000000000, 0.000000000, 0.000000000, 0.000000000, 0.000000000, 0.000000000, 0.000000000, 0.000000000, 0.000000000, 0.000000000, 0.000000000, 0.000000000, 0.280064003, 0.406434177, 0.496370262, 0.513169672, 0.564264806, 0.632078015, 0.704875574, 0.845711768, 1.113916150, 1.454914479, 1.610493650, 1.601513566, 1.337044645, 1.008237461, 0.814758284, 0.700383094, 0.647600257, 0.556340994, 0.438250072, 0.162183283, 0.000000000, 0.000000000, 0.000000000
 0.000000000, 0.000000000, 0.000000000, 0.000000000, 0.000000000, 0.000000000, 0.000000000, 0.000000000, 0.000000000, 0.000000000, 0.000000000, 0.000000000, 0.000000000, 0.000000000, 0.000000000, 0.000000000, 0.000000000, 0.000000000, 0.000000000, 0.000000000, 0.000000000, 0.000000000, 0.000000000, 0.252047059, 0.441310250, 0.634681959, 0.828230076, 0.991521880, 0.979735472, 0.948561014, 1.098987763, 1.404670146, 1.661763613, 1.772142961, 1.744939862, 1.430652147, 1.023812900, 0.812972820, 0.689949050, 0.641228250, 0.522092678, 0.387284966, 0.144006161, 0.000000000, 0.000000000, 0.000000000
 0.000000000, 0.000000000, 0.000000000, 0.000000000, 0.000000000, 0.000000000, 0.000000000, 0.000000000, 0.000000000, 0.000000000, 0.000000000, 0.000000000, 0.021960456, 0.011249644, 0.000000000, 0.000000000, 0.000000000, 0.000000000, 0.000000000, 0.000000000, 0.000000000, 0.000000000, 0.000000000, 0.281685214, 0.607360778, 0.997436399, 1.337273246, 1.445341282, 1.423401612, 1.499360867, 1.668240212, 1.904322098, 2.010859847, 2.116583626, 2.210664721, 1.761170778, 1.216983979, 1.032299549, 0.879339968, 0.822913820, 0.679220248, 0.475526823, 0.164399871, 0.000000000, 0.000000000, 0.000000000
 0.000000000, 0.000000000, 0.009209703, 0.017018262, 0.000000000, 0.000000000, 0.000000000, 0.000000000, 0.000000000, 0.000000000, 0.000000000, 0.000000000, 0.000000000, 0.026538969, 0.042379811, 0.000000000, 0.000000000, 0.000000000, 0.000000000, 0.000000000, 0.000000000, 0.000000000, 0.000000000, 0.086090111, 0.571106973, 1.348185895, 1.830846355, 2.094033202, 1.962669411, 1.922450609, 2.321410036, 2.798641312, 2.934786540, 3.079106778, 3.006151657, 2.199514014, 1.519010082, 1.322211007, 1.130334916, 1.037061379, 0.860431015, 0.569598740, 0.249197721, 0.000000000, 0.000000000, 0.000000000
 0.000000000, 0.035431071, 0.011955368, 0.004673900, 0.009787973, 0.000000000, 0.000000000, 0.000000000, 0.000000000, 0.000000000, 0.000000000, 0.000000000, 0.023017524, 0.011806170, 0.000000000, 0.000000000, 0.000000000, 0.000000000, 0.000000000, 0.000000000, 0.000000000, 0.000000000, 0.000000000, 0.138187162, 1.042682659, 2.553882649, 3.081886437, 3.030326513, 2.868312901, 3.099238962, 3.891533209, 4.176171526, 4.083170666, 4.856572878, 5.108843642, 3.648877164, 2.533477740, 1.769495179, 1.301810227, 1.368908304, 1.264801721, 0.675586728, 0.196167394, 0.000000000, 0.000000000, 0.000000000
 0.000000000, 0.000000000, 0.013829181, 0.077867327, 0.062300864, 0.000000000, 0.000000000, 0.000000000, 0.000000000, 0.000000000, 0.000000000, 0.000000000, 0.000000000, 0.000000000, 0.000000000, 0.000000000, 0.000000000, 0.000000000, 0.000000000, 0.000000000, 0.125175575, 0.232954140, 0.148777900, 0.413517664, 2.411128208, 3.305040465, 3.813958838, 4.385040367, 4.055946330, 5.637535035, 8.196475221, 7.670401129, 7.243072763, 7.720888043, 6.903399988, 8.642028171, 6.468649725, 2.498363227, 2.668616297, 2.528528187, 1.857332153, 0.695172966, 0.088187767, 0.000000000, 0.000000000, 0.000000000
 0.000000000, 0.000000000, 0.000000000, 0.000000000, 0.136611048, 0.119897297, 0.040894467, 0.000000000, 0.000000000, 0.000000000, 0.000000000, 0.000000000, 0.000000000, 0.000000000, 0.000000000, 0.000000000, 0.000000000, 0.000000000, 0.000000000, 0.000000000, 0.000000000, 0.000000000, 0.000000000, 0.526882039, 2.555454697, 4.297333894, 5.535986087, 6.327305329, 7.557356392, 8.930060883, 9.118537006, 9.666029826,10.655301027, 9.456509494, 8.390562668, 6.706941367, 4.362165802, 4.787010023, 4.199919792, 3.557413573, 3.904437283, 3.956867437, 1.421298228, 0.000000000, 0.000000000, 0.000000000
 0.000000000, 0.000000000, 0.000000000, 0.000000000, 0.095184455, 0.169548457, 0.000000000, 0.000000000, 0.000000000, 0.000000000, 0.000000000, 0.000000000, 0.000000000, 0.000000000, 0.000000000, 0.000000000, 0.000000000, 0.000000000, 0.000000000, 0.000000000, 0.000000000, 0.000000000, 0.000000000, 0.408316975, 1.593915935, 2.083426223, 2.967428678, 4.040326716, 5.232472929, 6.447969376, 6.204653325, 6.969134903, 8.714278309, 8.603966647, 7.530455183, 5.393563869, 4.015313908, 1.904451846, 4.400749923, 4.918441550, 3.631042410, 3.440018695, 2.639271688, 0.826320416, 0.000000000, 0.000000000
 0.000000000, 0.000000000, 0.000000000, 0.000000000, 0.000000000, 0.000000000, 0.000000000, 0.000000000, 0.000000000, 0.000000000, 0.000000000, 0.000000000, 0.000000000, 0.000000000, 0.000000000, 0.000000000, 0.000000000, 0.000000000, 0.000000000, 0.000000000, 0.000000000, 0.000000000, 0.000000000, 0.176942616, 0.696505644, 1.392824137, 2.154289976, 2.586186850, 3.255115995, 3.818398306, 4.008879182, 4.739004024, 5.306874971, 5.220308048, 4.806268848, 4.139521249, 3.491583822, 1.902948848, 2.826122943, 2.898751663, 2.614451246, 1.969639291, 1.978887382, 1.432683138, 0.000000000, 0.000000000
 0.000000000, 0.000000000, 0.036430210, 0.219061451, 0.322897145, 0.277129345, 0.000000000, 0.000000000, 0.000000000, 0.000000000, 0.000000000, 0.000000000, 0.000000000, 0.000000000, 0.000000000, 0.000000000, 0.000000000, 0.000000000, 0.000000000, 0.000000000, 0.000000000, 0.000000000, 0.000000000, 0.271633862, 0.721630871, 1.291883478, 1.773955218, 2.222898178, 2.805939218, 3.039796154, 3.043416000, 3.899576527, 4.557163379, 4.489965014, 3.698504759, 2.713158395, 2.215870600, 2.024348676, 1.836205684, 1.622660191, 1.443736691, 1.153478477, 1.173029006, 1.279902328, 0.000000000, 0.000000000
 0.000000000, 0.000000000, 0.045814533, 0.186950230, 0.283115317, 0.235865692, 0.000000000, 0.000000000, 0.000000000, 0.000000000, 0.000000000, 0.000000000, 0.000000000, 0.000000000, 0.000000000, 0.000000000, 0.000000000, 0.000000000, 0.000000000, 0.000000000, 0.000000000, 0.000000000, 0.000000000, 0.128148255, 0.578419923, 1.353395764, 2.018334867, 2.598665616, 3.129700740, 3.617725971, 3.414552070, 3.386916745, 4.216672795, 4.413978936, 3.917491409, 2.872355690, 2.002671721, 1.748795027, 1.672786400, 1.553817112, 1.370369749, 1.222898772, 1.151784582, 0.989549315, 0.000000000, 0.000000000
 0.000000000, 0.000000000, 0.000000000, 0.000000000, 0.225827414, 0.207745919, 0.171609257, 0.000000000, 0.000000000, 0.000000000, 0.000000000, 0.000000000, 0.000000000, 0.000000000, 0.000000000, 0.000000000, 0.000000000, 0.000000000, 0.000000000, 0.000000000, 0.219926766, 0.366059788, 0.325650370, 0.403924277, 0.836337886, 1.434481708, 2.208649100, 2.723834243, 2.922655723, 3.228097031, 3.932845700, 4.657802316, 4.878002402, 4.596148381, 3.805387142, 2.761120515, 2.044259409, 1.636255388, 1.444503289, 1.353213526, 1.184309870, 1.042875015, 1.006663097, 0.854509277, 0.000000000, 0.000000000
 0.000000000, 0.000000000, 0.000000000, 0.000000000, 0.000000000, 0.000000000, 0.000000000, 0.000000000, 0.000000000, 0.000000000, 0.000000000, 0.000000000, 0.000000000, 0.000000000, 0.000000000, 0.000000000, 0.000000000, 0.000000000, 0.000000000, 0.059849918, 0.301685973, 0.585467716, 0.683051404, 0.713006933, 1.042313554, 1.863811968, 2.653793388, 3.336983099, 4.373154868, 4.560932856, 4.686782513, 5.713249467, 5.782762100, 4.837998341, 3.633530620, 2.852282964, 2.116059667, 1.667283184, 1.466252330, 1.384648551, 1.224796118, 1.115377015, 1.083263657, 0.926812153, 0.000000000, 0.000000000
 0.000000000, 0.054155535, 0.043826443, 0.133289309, 0.000000000, 0.000000000, 0.000000000, 0.000000000, 0.000000000, 0.000000000, 0.000000000, 0.000000000, 0.000000000, 0.000000000, 0.000000000, 0.000000000, 0.000000000, 0.000000000, 0.000000000, 0.261334633, 0.611525422, 0.622725871, 0.426340719, 0.662167759, 1.319344869, 2.090126721, 2.846242491, 3.648450458, 4.838093848, 6.349179674, 6.566361652, 6.539989357, 6.444103121, 4.793631508, 3.967191092, 3.120372788, 1.610630246, 1.288641979, 1.555008603, 1.505380112, 1.252134828, 1.073582980, 1.052365540, 0.956898469, 0.000000000, 0.000000000
 0.000000000, 0.000000000, 0.110568177, 0.234423518, 0.388510775, 0.340101171, 0.000000000, 0.000000000, 0.000000000, 0.000000000, 0.000000000, 0.000000000, 0.000000000, 0.000000000, 0.000000000, 0.000000000, 0.000000000, 0.000000000, 0.106163085, 0.188285614, 0.499856375, 0.959187350, 1.064927935, 1.186620780, 1.755468172, 2.411969262, 2.877834176, 3.210803676, 3.815297870, 5.328142991, 6.952634093, 9.468358927,12.771569568,10.110259312, 6.946010110, 6.533496172, 4.300503475, 1.174825826, 1.520673799, 1.402907565, 1.325401284, 1.221179710, 1.198081596, 1.042883757, 0.000000000, 0.000000000
 0.000000000, 0.000000000, 0.047491679, 0.311823785, 0.398753545, 0.497289243, 0.157040855, 0.000000000, 0.000000000, 0.000000000, 0.000000000, 0.000000000, 0.000000000, 0.000000000, 0.000000000, 0.000000000, 0.000000000, 0.000000000, 0.163872380, 0.384794317, 0.644532239, 0.795408657, 0.843097860, 0.969088566, 1.397532229, 2.440574803, 3.504783677, 4.082482576, 4.600387992, 5.564112064, 6.853726853, 9.208024336, 9.962038047, 8.657712754, 7.640115019, 9.441931714, 6.252494292, 2.421161117, 1.946784331, 1.783923219, 1.720907688, 1.496131805, 1.470080199, 1.286085972, 0.000000000, 0.000000000
 0.000000000, 0.093360924, 0.245587907, 0.658960106, 0.604552000, 0.628734754, 0.000000000, 0.000000000, 0.000000000, 0.000000000, 0.000000000, 0.000000000, 0.000000000, 0.000000000, 0.000000000, 0.000000000, 0.000000000, 0.000000000, 0.197180132, 0.530073338, 0.724022774, 0.863574813, 0.978633000, 1.042286343, 1.683186033, 3.093634558, 4.990520676, 6.528318485, 7.380742535, 7.106040487, 6.688365200, 7.654434325, 9.514921743,10.012937232,16.029223263,19.461956317, 5.766876594, 0.000000000, 1.359443117, 1.885292148, 1.912666501, 1.544800959, 1.446779453, 1.510707847, 0.000000000, 0.000000000
 0.000000000, 0.000000000, 0.154117075, 0.657136878, 0.482508332, 0.446472762, 0.560535564, 0.053560677, 0.000000000, 0.000000000, 0.000000000, 0.000000000, 0.000000000, 0.000000000, 0.000000000, 0.000000000, 0.000000000, 0.000000000, 0.210310739, 0.413766428, 0.589168617, 0.674047190, 0.512498012, 0.804937212, 2.324703953, 4.212997077, 7.900909444,11.878008928,12.313273292,11.476220810,12.475589511,12.441350775,10.011642305,12.574609898,18.946333474,22.009957257,10.987465309, 1.858494379, 3.469051259, 3.040379115, 2.405984959, 2.250973093, 2.323241986, 2.228457657, 0.000000000, 0.000000000
 0.000000000, 0.159793413, 0.370583121, 0.959687029, 0.908623532, 0.732277121, 0.608437125, 0.000000000, 0.000000000, 0.000000000, 0.000000000, 0.000000000, 0.000000000, 0.000000000, 0.000000000, 0.000000000, 0.000000000, 0.167715893, 0.281183744, 0.410840293, 0.590241727, 0.740793651, 0.835249853, 1.272221345, 3.145611121, 7.266407091,13.483178532,17.236499747,16.603737717,16.161256858,17.292299768,18.400748028,17.937357717,18.429742610,18.795829681,22.962005800,14.902435524, 0.000000000, 3.192159718, 3.577504065, 2.905557924, 2.787321271, 2.941414368, 2.759160941, 0.000000000, 0.000000000
 0.000000000, 0.000000000, 0.257859132, 0.683311834, 0.710347925, 0.855790829, 0.960248424, 0.070372643, 0.000000000, 0.000000000, 0.000000000, 0.000000000, 0.000000000, 0.000000000, 0.000000000, 0.000000000, 0.000000000, 0.158358996, 0.273844187, 0.352834145, 0.410208535, 0.639467652, 0.641885740, 0.603365776, 2.702531317,10.683957603,16.335396443,17.991331599,19.542895567,19.084167989,19.602513048,16.607001092,12.003424134, 9.985545112,10.863422859,17.501646142,12.381884626, 0.000000000, 6.508767477, 9.282228676, 6.669318194, 4.832107282, 3.490289585, 2.411773012, 0.000000000, 0.000000000
 0.000000000, 0.177757893, 0.399678905, 0.976788216, 1.246540215, 1.312342180, 0.879121237, 0.078272006, 0.000000000, 0.000000000, 0.000000000, 0.000000000, 0.000000000, 0.000000000, 0.000000000, 0.000000000, 0.000000000, 0.179070243, 0.275860007, 0.408724499, 0.627662283, 0.789945239, 0.509500545, 0.412445352, 2.549619412,14.920994651,20.684353506,15.023813333,12.080458480,12.608367257,12.004567141, 9.943764809, 8.831093096, 9.302060629,13.458850877,17.852163899,18.983819465, 0.000000000,12.057066896,20.348810638,15.269649626,10.391822223, 7.888832927, 6.008933929, 0.000000000, 0.000000000
 0.000000000, 0.000000000, 0.310417953, 1.621110898, 1.873177799, 1.924404792, 1.316029895, 0.244388452, 0.000000000, 0.000000000, 0.000000000, 0.000000000, 0.000000000, 0.000000000, 0.000000000, 0.000000000, 0.000000000, 0.177239607, 0.284955589, 0.452957194, 0.627472076, 1.077159151, 0.960456010, 0.620277768, 4.961424364,14.441299637,18.941648599,16.894233377,12.200711616,10.959329886,13.058171614,14.295443064,14.623877457,13.855968039,13.609304395,15.731598532,18.885827493, 6.312647270, 0.000000000, 6.222304390, 9.332750758,10.348827067,10.938635756, 8.759817823, 0.000000000, 0.000000000
 0.000000000, 0.000000000, 0.000000000, 1.200203349, 1.792564584, 1.302752763, 0.813277974, 0.000000000, 0.000000000, 0.057719425, 0.063618653, 0.014981369, 0.000000000, 0.000000000, 0.000000000, 0.000000000, 0.000000000, 0.174191059, 0.285764829, 0.652940658, 1.308525357, 1.633887694, 0.845425848, 1.428049235, 0.854141723, 5.336767189, 8.115868859, 7.248137175, 6.788639755, 7.927124423, 8.832056731, 8.809092243, 9.009579225, 9.509628202, 8.365485549, 7.363399927, 6.892039998, 3.785517476,10.195349019,22.538874644,24.325027733,25.502702336,23.163199620, 0.000000000, 0.000000000, 0.000000000
 0.000000000, 0.455833163, 1.225748068, 3.264919615, 3.228893371, 2.406195521, 0.457792889, 0.000000000, 0.000000000, 0.129181672, 0.060547759, 0.000000000, 0.000000000, 0.000000000, 0.000000000, 0.000000000, 0.000000000, 0.268274703, 0.416281025, 0.806757021, 1.696754627, 2.674588945, 2.974430644, 0.000000000, 0.000000000,23.241260486,19.664652567,10.657762667,10.004744843,11.418401995,11.683617605,11.837397976,12.654493740,13.174175424,11.222269380,11.529278739,14.221140007,12.880373771,17.256696241,28.974498233,34.630171784,35.809582760,34.495605338, 0.000000000, 0.000000000, 0.000000000
 0.000000000, 1.219685696, 1.914666531, 1.312293659, 1.454476960, 1.675378536, 1.912530048, 0.482664843, 0.000000000, 0.000000000, 0.000000000, 0.000000000, 0.000000000, 0.000000000, 0.000000000, 0.000000000, 0.000000000, 0.122175038, 0.479961703, 1.506117068, 2.897381150, 3.605772092, 3.840676317, 0.000000000,10.821213883,19.533709419,16.517295832,11.746912251,12.165945143,13.321369944,10.648305120,10.954406614,13.691360363,10.639670599, 7.404946364, 8.105298504,11.161060137,13.725060267,13.287171813,11.750551169,11.968243863,17.278965854,22.087533114,20.429370549, 0.000000000, 0.000000000
 0.000000000, 0.000000000, 0.000000000, 2.562893104, 3.707540635, 3.167578577, 2.190371752, 0.366606975, 0.000000000, 0.000000000, 0.000000000, 0.000000000, 0.000000000, 0.000000000, 0.000000000, 0.000000000, 0.000000000, 0.276154644, 1.281161398, 3.140206549, 5.613786559, 6.758188265, 6.548557920, 2.061135848, 3.199089837, 8.144361228, 6.569460309, 6.673959569, 7.598649762, 8.145049758, 7.580314250, 7.269854011, 7.142894029, 7.274581627, 7.288682797, 6.765402121, 5.805641410, 5.392542231, 6.644023318, 9.338594603,11.693945295,11.266311123,11.838565198,12.388438936, 0.000000000, 0.000000000
 0.000000000, 0.000000000, 3.673387584, 6.755925718, 6.586471231, 7.049185450, 6.179123344, 1.618595389, 0.000000000, 0.000000000, 0.000000000, 0.000000000, 0.000000000, 0.000000000, 0.000000000, 0.000000000, 0.000000000, 1.036813648, 2.083679326, 5.440985348, 9.903963626,12.973628762,14.175516316, 0.000000000,18.483994078,22.043980869,16.322585350,10.311127071, 9.420070163,11.303737298,12.721511035,11.203225543, 8.157551799,10.870706025,13.599886575,10.529059269, 8.038306025, 9.266571171,13.043532367,14.434516157,13.601399401,16.541297484,19.917448787, 0.000000000, 0.000000000, 0.000000000
 0.000000000, 1.194632039, 2.871649379, 8.015190508,10.481171508,10.640297120, 9.851009041, 3.486719589, 0.630914865, 0.000000000, 0.000000000, 0.000000000, 0.000000000, 0.000000000, 0.000000000, 0.000000000, 0.000000000, 0.624418938, 2.517675923, 5.391361053, 6.307139018, 6.487313544, 8.271613695, 9.427041524,12.303437716,19.695045373,22.917813762,21.538738886,20.227713689,19.008992598,18.800536447,18.410210916,14.592727044,11.969726032,12.273100181,12.567506647,11.934523658,11.409393770,10.614864078, 9.621402853,10.241982979,11.989342695,16.103870443, 0.000000000, 0.000000000, 0.000000000
 0.000000000, 0.982476352, 2.398641166, 5.135552247, 6.367573967, 6.787457181, 6.577779084, 2.604659076, 0.630372243, 0.000000000, 0.000000000, 0.000000000, 0.000000000, 0.000000000, 0.000000000, 0.000000000, 0.000000000, 0.509167019, 2.014434765, 3.996626325, 5.196499058, 6.022616107, 6.519912895, 6.271044693, 6.606957031, 8.598747764, 9.059564498,11.422863467,13.281348657,12.495022032,11.547705443, 9.693062520, 8.595043083, 8.404011727, 7.605176222, 7.755084663, 7.669904547, 6.194899224, 6.851613804, 8.340698694, 8.263033249, 8.074844208, 8.405464659, 9.066062673, 0.000000000, 0.000000000
 0.000000000, 0.925972900, 2.480015778, 5.509765758, 5.035929663, 4.899676985, 3.941399274, 2.427414260, 2.057830218, 1.531218763, 1.279150242, 0.925445656, 0.507389390, 0.585738850, 0.759973685, 0.576885871, 0.578195842, 0.693999983, 0.919645725, 1.578769340, 4.826663542, 7.995188585, 5.351450600, 2.766466874, 4.941351174,10.680236353,13.572462470,13.661767878,13.296334166,13.108569219,13.074635311,13.260145798,13.606204922,13.595614717,14.126187592,14.297277386,13.788623758,13.125540776,11.857847883,13.399352775,16.657255845,16.600688728,15.885608053,14.893285935,12.846779800, 0.000000000
 0.000000000, 0.874179578, 4.660620590,12.485313290,13.429989313,11.762758724,10.073880263, 5.409470789, 3.587840102, 2.712580086, 2.351267409, 2.180507482, 1.145464623, 0.554613104, 1.139850621, 1.727854840, 0.950904156, 0.683057533, 1.353156599, 2.312192323, 7.313587736,15.424708290,16.691898217,10.428635179, 6.113886312,16.062520681,28.066564360,29.525337542,29.105131577,28.581915103,28.466257675,28.765079794,29.566188368,30.199303861,30.441098317,29.515100031,28.260863875,27.906978006,27.562212205,27.657492404,28.561873713,29.834169165,28.923345090,26.551273628,24.746285795, 0.000000000
 0.000000000, 0.901064043, 2.576734251,10.940282161,16.900505070,17.113026119,14.875736292, 7.838816867, 5.305979412, 4.594852583, 4.261614994, 3.933527933, 3.349317811, 2.576326933, 2.406346609, 3.180160412, 1.954540787, 1.190742359, 1.969609661, 3.011054700, 4.176163596,11.491497368,20.104746960,17.469799234,11.755526986,14.990447036,30.322768572,40.646442671,42.084638551,41.063127333,39.458322985,38.092378252,36.455099350,34.371471843,33.227165882,33.416927249,33.589834091,32.398231376,29.441622571,27.165860784,26.406796141,24.589787036,23.203668173,22.931667554,20.327696032, 0.000000000
 0.000000000, 1.548149836, 3.183502946,10.000496527,10.635131980, 8.002179087, 7.935781322, 3.846613608, 3.506065347, 3.345758083, 3.889348742, 3.962029901, 3.307740731, 2.621722527, 2.139485294, 1.568290755, 1.565458380, 1.650042238, 2.224779012, 2.116405570, 2.439822430, 4.917854410, 9.638633501,10.119411897, 7.192016629, 9.333891058,18.737365562,24.507903716,24.734114633,23.269371723,21.300414243,19.898193879,18.638427364,17.453260835,16.292209370,15.548625923,15.669799213,15.433058320,13.145847414,11.127672144,10.183948943,10.167543898,10.143587423, 9.196441467, 8.130989911, 0.000000000
 0.000000000, 0.000000000, 3.065319985, 5.592022455, 4.662372916, 3.858619899, 2.449255075, 0.705129833, 0.966167759, 1.497082701, 2.179916964, 2.364510803, 1.819879408, 1.275322223, 0.888099142, 0.499888332, 0.885052496, 1.629118193, 1.217631320, 1.506688767, 2.350024616, 3.110030738, 3.247242024, 2.554557889, 4.214179404, 6.685166090, 8.278653907, 9.897315094, 9.785920174, 9.355759273, 8.965955149, 8.612642046, 8.315444429, 8.050997732, 7.860791391, 7.512373975, 7.161643517, 6.859130957, 5.447870513, 5.859471669, 7.569576715, 7.729338381, 7.692889374, 6.897396789, 6.117886727, 0.000000000
 0.000000000, 3.905872484,10.492031620,13.611090353, 9.330432144,12.142612324,12.798538635, 6.664339947, 1.336847443, 0.000000000, 0.000000000, 0.559210071, 0.514279877, 0.000000000, 0.000000000, 0.067574241, 0.067441744, 0.503869629, 0.772864882, 2.127945039, 4.365544403, 6.463425530, 6.780333422, 6.758876867, 8.309611599,11.586361498,13.560623870,15.606879411,16.799492970,15.923190807,15.928190478,15.579653907,15.446195198,15.913031512,16.285752165,16.004381564,15.121642880,14.912226174,12.982860804,13.121798197,16.251612232,16.671984543,16.356503353,16.078941939,15.395254893, 0.000000000
 0.000000000, 3.964851167,17.116077175,31.650814915,35.844675313,36.597901690,34.833243424,26.192923990,16.583346342,11.126369518, 7.112619798, 5.253719272, 4.748137504, 3.588645762, 2.688436261, 2.100475958, 0.614660777, 0.000000000, 1.449547110, 4.976271383, 7.083030232,10.173156177,13.723103670,15.648335913,18.374340879,21.781469009,27.017957556,35.877170248,36.920219303,36.736987139,37.111297169,36.783321431,36.263525448,36.156851702,35.970068483,34.827409095,32.837274861,31.389513882,30.401971307,30.656453116,33.349582139,35.503968812,33.937613113,30.355058271,28.654350770, 0.000000000
 0.000000000, 3.410497520,17.580634156,38.106233546,42.198605742,47.859361656,46.797950149,41.105919981,31.312198741,22.428822061,16.325657336,12.074291785, 9.557163404, 7.645662995, 6.036453779, 5.312408957, 2.530135334, 2.922225560, 5.744296988, 8.554738433,13.031852656,18.098598767,21.566021708,22.915745215,26.298893750,36.331340226,48.523544079,52.897641692,52.328807766,51.503367734,49.297121236,47.336076704,45.819400098,44.928014822,44.316132178,43.554310010,42.545726784,41.255031725,39.367006962,37.464652204,35.657776887,33.145713976,31.495020398,31.181985247,30.631362106, 0.000000000
