 0.000000000, 0.000000000, 0.000000000, 0.000000000, 0.122936207, 0.346074217, 0.230507073, 0.000000000, 0.018101994, 0.017305020, 0.000000000, 0.104615393, 0.096560742, 0.000000000, 0.000000000, 0.000000000, 0.000000000, 0.000000000, 0.000000000, 0.000000000, 0.000000000, 0.000000000, 0.000000000, 0.000000000, 0.000000000, 0.000000000, 0.000000000, 0.000000000, 0.000000000, 0.000000000, 0.000000000, 0.000000000, 0.000000000, 0.000000000, 0.000000000, 0.000000000, 0.000000000, 0.000000000, 0.000000000, 0.000000000, 0.000000000, 0.000000000, 0.000000000, 0.000000000
 0.000000000, 0.000000000, 0.078545182, 0.102535786, 0.000000000, 0.185107110, 0.241214635, 0.000000000, 0.000000000, 0.000000000, 0.036889645, 0.047114643, 0.034290528, 0.032887531, 0.000000000, 0.000000000, 0.000000000, 0.000000000, 0.000000000, 0.000000000, 0.000000000, 0.000000000, 0.000000000, 0.000000000, 0.000000000, 0.000000000, 0.000000000, 0.000000000, 0.000000000, 0.000000000, 0.000000000, 0.000000000, 0.000000000, 0.000000000, 0.000000000, 0.000000000, 0.000000000, 0.000000000, 0.000000000, 0.000000000, 0.000000000, 0.000000000, 0.000000000, 0.000000000
 0.000000000, 0.000000000, 0.000000000, 0.147840324, 0.182223843, 0.000000000, 0.049296384, 0.069279039, 0.000000000, 0.000000000, 0.221231791, 0.493160408, 0.214189829, 0.000000000, 0.069797706, 0.105242782, 0.000000000, 0.000000000, 0.000000000, 0.000000000, 0.000000000, 0.000000000, 0.000000000, 0.000000000, 0.000000000, 0.000000000, 0.000000000, 0.000000000, 0.000000000, 0.000000000, 0.000000000, 0.000000000, 0.000000000, 0.000000000, 0.000000000, 0.000000000, 0.000000000, 0.000000000, 0.000000000, 0.000000000, 0.000000000, 0.000000000, 0.000000000, 0.000000000
 0.000000000, 0.000000000, 0.099553966, 0.412431006, 0.334612381, 0.205192153, 0.110727506, 0.167276222, 0.078819887, 0.000000000, 0.406182880, 0.399493472, 0.000000000, 0.000000000, 0.073588173, 0.073518802, 0.000000000, 0.000000000, 0.000000000, 0.000000000, 0.000000000, 0.000000000, 0.000000000, 0.000000000, 0.000000000, 0.000000000, 0.000000000, 0.000000000, 0.000000000, 0.000000000, 0.000000000, 0.000000000, 0.033816741, 0.044522910, 0.000000000, 0.000000000, 0.000000000, 0.000000000, 0.000000000, 0.000000000, 0.000000000, 0.000000000, 0.000000000, 0.000000000
 0.000000000, 0.000000000, 0.000000000, 0.000000000, 0.152720554, 0.178909102, 0.024829393, 0.104816897, 0.080870600, 0.000000000, 0.000000000, 0.167152105, 0.420703188, 0.189152796, 0.000000000, 0.000000000, 0.000000000, 0.000000000, 0.000000000, 0.000000000, 0.000000000, 0.000000000, 0.000000000, 0.000000000, 0.000000000, 0.000000000, 0.000000000, 0.000000000, 0.123609344, 0.113982879, 0.101489214, 0.054216848, 0.000000000, 0.000000000, 0.000000000, 0.000000000, 0.000000000, 0.000000000, 0.000000000, 0.000000000, 0.000000000, 0.000000000, 0.000000000, 0.000000000
 0.000000000, 0.000000000, 0.125331089, 0.245612926, 0.255619860, 0.150987365, 0.000000000, 0.000000000, 0.000000000, 0.000000000, 0.044075300, 0.210797907, 0.326728711, 0.101708814, 0.000000000, 0.000000000, 0.000000000, 0.000000000, 0.000000000, 0.000000000, 0.000000000, 0.000000000, 0.000000000, 0.000000000, 0.000000000, 0.085150460, 0.118516176, 0.000000000, 0.123108453, 0.133972461, 0.163600894, 0.219522780, 0.212818745, 0.000000000, 0.000000000, 0.000000000, 0.000000000, 0.000000000, 0.000000000, 0.000000000, 0.000000000, 0.000000000, 0.000000000, 0.000000000
 0.000000000, 0.000000000, 0.000000000, 0.000000000, 0.000000000, 0.000000000, 0.000000000, 0.000000000, 0.000000000, 0.000000000, 0.073162541, 0.072070877, 0.000000000, 0.000000000, 0.000000000, 0.000000000, 0.000000000, 0.000000000, 0.000000000, 0.000000000, 0.000000000, 0.000000000, 0.000000000, 0.000000000, 0.000000000, 0.000000000, 0.000000000, 0.000000000, 0.000000000, 0.000000000, 0.000000000, 0.000000000, 0.000000000, 0.000000000, 0.000000000, 0.000000000, 0.000000000, 0.000000000, 0.000000000, 0.000000000, 0.000000000, 0.000000000, 0.000000000, 0.000000000
 0.000000000, 0.000000000, 0.000000000, 0.058798024, 0.070023751, 0.000000000, 0.000000000, 0.000000000, 0.000000000, 0.000000000, 0.000000000, 0.000000000, 0.000000000, 0.000000000, 0.000000000, 0.000000000, 0.000000000, 0.000000000, 0.000000000, 0.000000000, 0.000000000, 0.000000000, 0.000000000, 0.000000000, 0.000000000, 0.000000000, 0.000000000, 0.000000000, 0.000000000, 0.000000000, 0.000000000, 0.000000000, 0.000000000, 0.000000000, 0.000000000, 0.000000000, 0.000000000, 0.000000000, 0.000000000, 0.000000000, 0.000000000, 0.000000000, 0.000000000, 0.000000000
 0.000000000, 0.000000000, 0.000000000, 0.039972853, 0.068608410, 0.113268004, 0.176509653, 0.112305052, 0.000000000, 0.000000000, 0.000000000, 0.048420760, 0.081363814, 0.072952519, 0.036749061, 0.000000000, 0.000000000, 0.000000000, 0.000000000, 0.000000000, 0.000000000, 0.000000000, 0.000000000, 0.000000000, 0.000000000, 0.000000000, 0.000000000, 0.000000000, 0.000000000, 0.000000000, 0.000000000, 0.000000000, 0.000000000, 0.000000000, 0.000000000, 0.000000000, 0.000000000, 0.000000000, 0.000000000, 0.000000000, 0.000000000, 0.000000000, 0.000000000, 0.000000000
 0.000000000, 0.000000000, 0.000000000, 0.020502637, 0.024713797, 0.003797436, 0.000000000, 0.000000000, 0.056988500, 0.051152939, 0.010280078, 0.008984598, 0.000000000, 0.000000000, 0.000000000, 0.000000000, 0.000000000, 0.000000000, 0.000000000, 0.000000000, 0.000000000, 0.000000000, 0.000000000, 0.000000000, 0.000000000, 0.000000000, 0.000000000, 0.000000000, 0.000000000, 0.000000000, 0.000000000, 0.000000000, 0.000000000, 0.000000000, 0.000000000, 0.000000000, 0.000000000, 0.000000000, 0.000000000, 0.000000000, 0.000000000, 0.000000000, 0.000000000, 0.000000000
 0.000000000, 0.000000000, 0.000000000, 0.000000000, 0.005512884, 0.004643542, 0.000000000, 0.000000000, 0.000000000, 0.000000000, 0.000000000, 0.000000000, 0.000000000, 0.018810673, 0.048277391, 0.050251384, 0.000000000, 0.000000000, 0.000000000, 0.000000000, 0.000000000, 0.000000000, 0.000000000, 0.000000000, 0.000000000, 0.000000000, 0.000000000, 0.000000000, 0.000000000, 0.000000000, 0.000000000, 0.000000000, 0.000000000, 0.000000000, 0.000000000, 0.000000000, 0.000000000, 0.000000000, 0.000000000, 0.000000000, 0.000000000, 0.000000000, 0.000000000, 0.000000000
 0.000000000, 0.000000000, 0.077583739, 0.068028044, 0.000000000, 0.000000000, 0.000000000, 0.018315391, 0.019274514, 0.000000000, 0.000000000, 0.000000000, 0.000000000, 0.000000000, 0.001117448, 0.002083015, 0.000000000, 0.000000000, 0.000000000, 0.000000000, 0.000000000, 0.000000000, 0.143958691, 0.147348149, 0.000000000, 0.186500439, 0.235559580, 0.309780022, 0.319460737, 0.269897615, 0.175757043, 0.096867666, 0.000000000, 0.000000000, 0.000000000, 0.000000000, 0.000000000, 0.000000000, 0.000000000, 0.000000000, 0.000000000, 0.000000000, 0.000000000, 0.000000000
 0.000000000, 0.000000000, 0.010765306, 0.018944599, 0.017297428, 0.010234576, 0.017293475, 0.035447655, 0.037965591, 0.019958757, 0.000000000, 0.026328105, 0.023503234, 0.000000000, 0.000000000, 0.000000000, 0.000000000, 0.000000000, 0.000000000, 0.000000000, 0.000000000, 0.000000000, 0.149446740, 0.140877791, 0.000000000, 0.089071492, 0.255684658, 0.339173996, 0.332698744, 0.278847977, 0.231325766, 0.187437674, 0.000000000, 0.000000000, 0.000000000, 0.069535273, 0.164781919, 0.196615268, 0.146637873, 0.000000000, 0.000000000, 0.000000000, 0.000000000, 0.000000000
 0.000000000, 0.009463207, 0.029674506, 0.046694127, 0.000000000, 0.000000000, 0.000000000, 0.000000000, 0.006436617, 0.006817214, 0.012248480, 0.011799023, 0.000000000, 0.004620007, 0.006761280, 0.000000000, 0.000000000, 0.000000000, 0.000000000, 0.000000000, 0.000000000, 0.000000000, 0.165963949, 0.199650568, 0.000000000, 0.073725308, 0.271015024, 0.428642355, 0.363310407, 0.276959481, 0.266798115, 0.263375193, 0.255088087, 0.161141576, 0.000000000, 0.095804319, 0.226892661, 0.259810319, 0.190074135, 0.000000000, 0.000000000, 0.000000000, 0.000000000, 0.000000000
 0.000000000, 0.000000000, 0.030159841, 0.048101289, 0.000000000, 0.000000000, 0.000000000, 0.000000000, 0.000000000, 0.001039946, 0.001745994, 0.023932984, 0.008586723, 0.010007031, 0.012065871, 0.000000000, 0.000000000, 0.000000000, 0.000000000, 0.000000000, 0.000000000, 0.000000000, 0.190882415, 0.073747996, 0.113093404, 0.076393969, 0.398325299, 0.462236135, 0.244956996, 0.297127730, 0.333492077, 0.335066822, 0.416882857, 0.260891920, 0.000000000, 0.099147486, 0.210767477, 0.228364406, 0.176554085, 0.000000000, 0.000000000, 0.000000000, 0.000000000, 0.000000000
 0.000000000, 0.013103942, 0.024999393, 0.000000000, 0.000000000, 0.000000000, 0.098908648, 0.108327342, 0.000000000, 0.000000000, 0.000000000, 0.000000000, 0.000000000, 0.000000000, 0.000000000, 0.000000000, 0.000000000, 0.000000000, 0.000000000, 0.000000000, 0.000000000, 0.000000000, 0.124509177, 0.153590893, 0.150322770, 0.308791989, 0.474742060, 0.397093360, 0.202629723, 0.172106945, 0.302028402, 0.390569717, 0.397838522, 0.255559597, 0.000000000, 0.064537855, 0.201533895, 0.264745954, 0.213316099, 0.135343504, 0.000000000, 0.000000000, 0.000000000, 0.000000000
 0.000000000, 0.000000000, 0.000000000, 0.000000000, 0.000000000, 0.000000000, 0.000000000, 0.000000000, 0.000000000, 0.000000000, 0.000000000, 0.000000000, 0.000000000, 0.000000000, 0.000000000, 0.000000000, 0.000000000, 0.000000000, 0.000000000, 0.000000000, 0.000000000, 0.168900471, 0.202976874, 0.199657011, 0.059323976, 0.106269071, 0.187628138, 0.135797949, 0.106892503, 0.105070259, 0.199958472, 0.268859531, 0.301799437, 0.185955943, 0.000000000, 0.049575127, 0.182260170, 0.238261528, 0.195322751, 0.144154856, 0.000000000, 0.000000000, 0.000000000, 0.000000000
 0.000000000, 0.000000000, 0.000000000, 0.000000000, 0.000000000, 0.000000000, 0.000000000, 0.000000000, 0.000000000, 0.000000000, 0.000000000, 0.000000000, 0.000000000, 0.000000000, 0.000000000, 0.000000000, 0.000000000, 0.000000000, 0.000000000, 0.000000000, 0.000000000, 0.124244687, 0.291467881, 0.275749009, 0.074845993, 0.000000000, 0.000000000, 0.000000000, 0.000000000, 0.214950977, 0.257574925, 0.276069712, 0.308516870, 0.262604276, 0.080958249, 0.044148352, 0.168444276, 0.231158767, 0.221872785, 0.000000000, 0.000000000, 0.000000000, 0.000000000, 0.000000000
 0.000000000, 0.000000000, 0.000000000, 0.000000000, 0.000000000, 0.000000000, 0.000000000, 0.000000000, 0.049148582, 0.057681872, 0.000000000, 0.000000000, 0.000000000, 0.000000000, 0.000000000, 0.000000000, 0.000000000, 0.000000000, 0.000000000, 0.000000000, 0.000000000, 0.000000000, 0.266826548, 0.319899869, 0.000000000, 0.099860219, 0.228312538, 0.237260891, 0.164116665, 0.252643956, 0.392351395, 0.425799543, 0.424323515, 0.468423736, 0.200658485, 0.061088658, 0.201986710, 0.261308273, 0.239490846, 0.000000000, 0.000000000, 0.000000000, 0.000000000, 0.000000000
 0.000000000, 0.011981215, 0.006207408, 0.000000000, 0.000000000, 0.000000000, 0.000000000, 0.000000000, 0.000000000, 0.000000000, 0.000000000, 0.000000000, 0.000000000, 0.000000000, 0.000000000, 0.000000000, 0.000000000, 0.000000000, 0.000000000, 0.000000000, 0.000000000, 0.000000000, 0.289171011, 0.696700149, 0.340341328, 0.267245733, 0.472494166, 0.373093810, 0.291622220, 0.486629233, 0.748934360, 0.611059518, 0.592269059, 0.456068594, 0.000000000, 0.195471261, 0.399739919, 0.417096699, 0.311077531, 0.194947409, 0.000000000, 0.000000000, 0.000000000, 0.000000000
 0.000000000, 0.000000000, 0.000000000, 0.000000000, 0.000000000, 0.000000000, 0.000000000, 0.000000000, 0.000000000, 0.000000000, 0.000000000, 0.000000000, 0.004863124, 0.005456603, 0.000000000, 0.000000000, 0.000000000, 0.000000000, 0.000000000, 0.000000000, 0.000000000, 0.000000000, 0.257314943, 0.594387726, 0.290562470, 0.260441521, 0.527861674, 0.428021882, 0.391801959, 0.698109444, 0.865711651, 0.714556700, 0.793235648, 0.451344332, 0.000000000, 0.351569596, 0.664887163, 0.637967725, 0.504209491, 0.176276387, 0.000000000, 0.000000000, 0.000000000, 0.000000000
 0.000000000, 0.000000000, 0.000000000, 0.000000000, 0.000000000, 0.000000000, 0.000000000, 0.000000000, 0.000000000, 0.000000000, 0.000000000, 0.000000000, 0.014216609, 0.016532988, 0.000000000, 0.000000000, 0.000000000, 0.000000000, 0.000000000, 0.184445948, 0.271350801, 0.090015181, 0.202511266, 0.484731794, 0.247872658, 0.260303445, 0.552974452, 0.427538700, 0.368635799, 0.664853145, 0.893083436, 0.801129414, 0.986750829, 0.572329471, 0.000000000, 0.417881696, 1.124960161, 1.160749660, 0.733609087, 0.493937065, 0.201904507, 0.000000000, 0.000000000, 0.000000000
 0.000000000, 0.000000000, 0.000000000, 0.000000000, 0.000000000, 0.000000000, 0.000000000, 0.000000000, 0.000000000, 0.000000000, 0.000000000, 0.000000000, 0.000000000, 0.000000000, 0.000000000, 0.000000000, 0.000000000, 0.000000000, 0.000000000, 0.161469294, 0.229998029, 0.132431248, 0.156560800, 0.370046974, 0.193459520, 0.105718036, 0.363047767, 0.394590339, 0.307506503, 0.538347169, 0.697156197, 0.603680627, 0.716356865, 0.424170215, 0.000000000, 0.332625831, 0.937176331, 0.931497710, 0.874320221, 0.695406004, 0.186322799, 0.000000000, 0.000000000, 0.000000000
 0.000000000, 0.000000000, 0.079164484, 0.000000000, 0.000000000, 0.000000000, 0.000000000, 0.000000000, 0.000000000, 0.000000000, 0.000000000, 0.000000000, 0.000000000, 0.000000000, 0.000000000, 0.000000000, 0.000000000, 0.000000000, 0.000000000, 0.000000000, 0.000000000, 0.000000000, 0.193978506, 0.236555297, 0.133836403, 0.161604845, 0.386753481, 0.316788897, 0.236907463, 0.414522473, 0.666320250, 0.582857895, 0.458506675, 0.262274985, 0.000000000, 0.196774535, 0.474823353, 0.411859172, 0.298261702, 0.291254592, 0.126336345, 0.000000000, 0.000000000, 0.000000000
 0.000000000, 0.000000000, 0.000000000, 0.000000000, 0.000000000, 0.000000000, 0.000000000, 0.004640226, 0.010185528, 0.007487148, 0.001824684, 0.000000000, 0.000000000, 0.000000000, 0.000000000, 0.000000000, 0.000000000, 0.000000000, 0.000000000, 0.000000000, 0.000000000, 0.000000000, 0.000000000, 0.191287103, 0.071813009, 0.147728641, 0.413852715, 0.347053309, 0.374602821, 0.600802189, 0.730336997, 0.572573000, 0.420481277, 0.240292563, 0.000000000, 0.204527321, 0.386270731, 0.418804590, 0.334244359, 0.209851022, 0.127763750, 0.000000000, 0.000000000, 0.000000000
 0.000000000, 0.000000000, 0.000000000, 0.000000000, 0.000000000, 0.000000000, 0.000000000, 0.015247125, 0.021952461, 0.000000000, 0.000000000, 0.000000000, 0.000000000, 0.000000000, 0.000000000, 0.000000000, 0.000000000, 0.000000000, 0.000000000, 0.000000000, 0.000000000, 0.000000000, 0.000000000, 0.179420271, 0.071303483, 0.164836018, 0.478413540, 0.428127337, 0.489900147, 0.742829299, 0.863883006, 0.676787079, 0.522990692, 0.308676958, 0.000000000, 0.250421681, 0.485461119, 0.540104575, 0.406147852, 0.181421074, 0.071058448, 0.000000000, 0.000000000, 0.000000000
 0.000000000, 0.000000000, 0.000000000, 0.000000000, 0.000000000, 0.000000000, 0.000000000, 0.000000000, 0.024944534, 0.033897481, 0.000000000, 0.000000000, 0.000000000, 0.000000000, 0.000000000, 0.000000000, 0.000000000, 0.000000000, 0.000000000, 0.000000000, 0.000000000, 0.000000000, 0.000000000, 0.185612024, 0.074519199, 0.173555844, 0.559447431, 0.726940531, 0.854473896, 0.984730830, 0.908785644, 0.624228922, 0.693496828, 0.419450783, 0.000000000, 0.324782197, 0.630115289, 0.645897428, 0.483680192, 0.234360547, 0.092182467, 0.000000000, 0.000000000, 0.000000000
 0.000000000, 0.000000000, 0.000000000, 0.000000000, 0.003127876, 0.001809388, 0.003303615, 0.004223443, 0.000000000, 0.000000000, 0.000000000, 0.000000000, 0.000000000, 0.000000000, 0.000000000, 0.000000000, 0.000000000, 0.000000000, 0.000000000, 0.000000000, 0.000000000, 0.000000000, 0.000000000, 0.189090454, 0.077630607, 0.200077912, 0.687252806, 0.967421047, 1.201386082, 1.363498608, 1.305727536, 0.966591579, 1.017775713, 0.550641609, 0.000000000, 0.481306523, 0.957653904, 0.927521625, 0.645530509, 0.202639533, 0.000000000, 0.000000000, 0.000000000, 0.000000000
 0.000000000, 0.000000000, 0.000000000, 0.000000000, 0.000000000, 0.000000000, 0.000000000, 0.004064958, 0.003516841, 0.000000000, 0.000000000, 0.000000000, 0.000000000, 0.000000000, 0.000000000, 0.000000000, 0.000000000, 0.000000000, 0.000000000, 0.000000000, 0.000000000, 0.000000000, 0.000000000, 0.191021642, 0.079612547, 0.246813827, 0.937818489, 1.418017668, 1.836405903, 2.180677175, 2.351962960, 1.737847554, 2.709271158, 1.970338518, 0.412828215, 1.673209589, 2.085291894, 2.081705642, 1.806672612, 0.759780834, 0.131219294, 0.000000000, 0.000000000, 0.000000000
 0.000000000, 0.000000000, 0.000000000, 0.000000000, 0.002262426, 0.003233351, 0.001722303, 0.000000000, 0.000000000, 0.000000000, 0.003424701, 0.003441608, 0.000000000, 0.000000000, 0.000000000, 0.000000000, 0.000000000, 0.000000000, 0.000000000, 0.000000000, 0.000000000, 0.000000000, 0.000000000, 0.000000000, 0.000000000, 0.000000000, 0.376907376, 1.916186541, 3.545987142, 4.031724008, 5.591648822, 4.774407595, 4.971993883, 3.445740016, 0.617661096, 2.705053370, 3.707003627, 3.595689404, 3.015622402, 1.161758816, 0.000000000, 0.000000000, 0.000000000, 0.000000000
 0.000000000, 0.000000000, 0.101562468, 0.056380581, 0.000000000, 0.000000000, 0.000000000, 0.014020522, 0.023132883, 0.009731026, 0.000000000, 0.000000000, 0.000000000, 0.000000000, 0.000000000, 0.000000000, 0.000000000, 0.000000000, 0.000000000, 0.000000000, 0.000000000, 0.162538413, 0.199612408, 0.118458556, 0.000000000, 0.000000000, 0.704614543, 3.721380443, 6.104679216, 6.286357834, 7.915133330, 8.665150534, 8.127016758, 3.848526911, 0.000000000, 2.224953287, 4.028776509, 3.389967394, 2.893528983, 1.523535377, 0.000000000, 0.000000000, 0.000000000, 0.000000000
 0.000000000, 0.000000000, 0.329111836, 0.000000000, 0.000000000, 0.000000000, 0.000000000, 0.000000000, 0.000000000, 0.000000000, 0.026392222, 0.021524110, 0.021242540, 0.027415338, 0.000000000, 0.000000000, 0.000000000, 0.000000000, 0.000000000, 0.147286828, 0.221282273, 0.270163628, 0.307837375, 0.182204138, 0.000000000, 0.000000000, 1.413038751, 6.324422665, 8.452081250, 7.965819192, 7.587690657, 6.806838337, 5.926417839, 3.856961160, 0.000000000, 1.650475508, 2.622126208, 2.126253215, 2.301103170, 2.002543130, 0.000000000, 0.000000000, 0.000000000, 0.000000000
 0.000000000, 0.000000000, 0.000000000, 0.000000000, 0.000000000, 0.000000000, 0.000000000, 0.000000000, 0.000000000, 0.017892846, 0.024307607, 0.000000000, 0.000000000, 0.000000000, 0.000000000, 0.000000000, 0.000000000, 0.000000000, 0.104976351, 0.200725104, 0.351618776, 0.489569034, 0.561663288, 0.308468970, 0.000000000, 0.000000000, 0.000000000, 5.396825253, 8.396886534, 6.716482611, 5.919178147, 4.888058454, 4.354661897, 2.989360550, 0.000000000, 0.908677024, 1.474628084, 1.359345065, 1.430084065, 1.186743142, 0.425648828, 0.000000000, 0.000000000, 0.000000000
 0.000000000, 0.000000000, 0.000000000, 0.541693210, 0.201491713, 0.000000000, 0.000000000, 0.000000000, 0.000000000, 0.000000000, 0.000000000, 0.000000000, 0.000000000, 0.000000000, 0.000000000, 0.000000000, 0.000000000, 0.000000000, 0.000000000, 0.135154011, 0.487663485, 0.863897989, 1.051058088, 0.806348926, 0.334543864, 1.298473281, 2.515699827, 2.455499688, 5.190690030, 5.061196946, 4.650267175, 4.202001641, 3.872133579, 2.924065025, 1.189329752, 1.182450536, 1.197785704, 1.017974994, 1.124515731, 1.205976941, 0.640112073, 0.000000000, 0.000000000, 0.000000000
 0.000000000, 0.000000000, 0.291745398, 0.478409598, 0.214758080, 0.000000000, 0.000000000, 0.000000000, 0.000000000, 0.000000000, 0.000000000, 0.000000000, 0.000000000, 0.000000000, 0.000000000, 0.000000000, 0.000000000, 0.000000000, 0.000000000, 0.192543015, 0.480735476, 0.905104281, 1.247874272, 1.038253837, 0.509017934, 0.000000000, 2.283766977, 5.381536642, 4.834244208, 4.698545785, 4.570329475, 4.141543825, 4.189435394, 3.000405617, 0.828759714, 0.932328912, 1.234930349, 1.053640272, 1.072969709, 0.942389699, 0.568378058, 0.244509500, 0.000000000, 0.000000000
 0.000000000, 0.000000000, 0.000000000, 0.377877960, 0.136416547, 0.000000000, 0.000000000, 0.000000000, 0.000000000, 0.000000000, 0.000000000, 0.000000000, 0.000000000, 0.000000000, 0.000000000, 0.000000000, 0.000000000, 0.000000000, 0.132934665, 0.319601205, 0.520121158, 0.693978981, 1.123627303, 1.576220358, 1.357147740, 1.467351661, 5.358744109, 5.507797996, 4.895300919, 4.734234386, 4.685919652, 4.471190671, 4.219501853, 3.198141389, 1.300847656, 0.966915625, 1.109031999, 1.059407179, 1.001432668, 0.918973180, 0.708989995, 0.201618134, 0.000000000, 0.000000000
 0.000000000, 0.000000000, 0.000000000, 0.201050541, 0.161505312, 0.100003566, 0.000000000, 0.000000000, 0.000000000, 0.000000000, 0.005907889, 0.007928700, 0.000000000, 0.000000000, 0.000000000, 0.000000000, 0.061589461, 0.066063210, 0.247190731, 0.509644994, 0.811260615, 0.790770864, 0.864999324, 1.181207816, 2.246237755, 3.322700062, 5.756628214, 5.347835987, 4.964546216, 5.009813217, 5.432429960, 6.108673633, 6.552463053, 5.001971450, 1.324092327, 2.513617593, 1.643619063, 1.038800936, 0.973714959, 0.963433359, 0.748028520, 0.194918486, 0.000000000, 0.000000000
 0.000000000, 0.000000000, 0.255776527, 0.000000000, 0.079670415, 0.065231786, 0.035935868, 0.044349255, 0.000000000, 0.000000000, 0.000000000, 0.000000000, 0.000000000, 0.000000000, 0.000000000, 0.000000000, 0.048439402, 0.085224757, 0.403556466, 0.717150680, 1.062582826, 1.001768857, 0.809087756, 0.546422845, 1.130275314, 3.790668835, 5.470611981, 5.338702410, 4.906185836, 4.999020737, 5.944263981, 7.147933200, 7.925880047, 3.952903043, 0.000000000, 1.063453650, 1.484752954, 1.306455376, 1.147014992, 1.118829615, 0.897312793, 0.264049039, 0.000000000, 0.000000000
 0.000000000, 0.000000000, 0.000000000, 0.000000000, 0.089188743, 0.094154371, 0.027429562, 0.000000000, 0.000000000, 0.000000000, 0.000000000, 0.000000000, 0.000000000, 0.000000000, 0.000000000, 0.000000000, 0.000000000, 0.086011452, 0.581153862, 0.945435693, 1.264415374, 1.267431777, 1.135208768, 0.985348576, 1.509240163, 3.937253241, 6.519758176, 7.401260784, 7.240931605, 6.885530970, 6.539900230, 6.679124449, 8.908974100, 5.839024251, 0.000000000, 1.320469039, 1.912305247, 1.543686292, 1.221113035, 1.157313141, 0.932819249, 0.281229015, 0.000000000, 0.000000000
 0.000000000, 0.000000000, 0.000000000, 0.000000000, 0.000000000, 0.078891724, 0.072697144, 0.000000000, 0.000000000, 0.000000000, 0.000000000, 0.000000000, 0.000000000, 0.000000000, 0.000000000, 0.000000000, 0.000000000, 0.065134440, 0.442227229, 0.830990602, 1.067914856, 1.064686803, 0.999669395, 0.937618639, 1.362219791, 3.897918006, 7.775608367, 9.623543140, 9.659183868, 9.612862639, 9.513160149, 9.071592493, 9.577690303, 6.158026483, 0.000000000, 2.145873265, 2.415940978, 1.740915848, 1.507905939, 1.860696206, 2.083548257, 0.759257720, 0.000000000, 0.000000000
 0.000000000, 0.000000000, 0.000000000, 0.321822339, 0.072256340, 0.000000000, 0.000000000, 0.000000000, 0.000000000, 0.000000000, 0.000000000, 0.000000000, 0.000000000, 0.000000000, 0.000000000, 0.000000000, 0.000000000, 0.090094553, 0.481364039, 0.873301458, 1.088020799, 1.167286513, 1.161583592, 0.848601509, 0.646472266, 3.334977686, 9.076769833,12.515311135,15.504375657,16.495277418,16.574080849,15.328902370,13.346634482,14.724926332, 0.000000000, 2.828016992, 3.963510750, 2.972830766, 1.862610525, 1.896564913, 2.071814749, 0.549923068, 0.000000000, 0.000000000
 0.000000000, 0.000000000, 0.624861872, 0.000000000, 0.254282360, 0.200913285, 0.000000000, 0.000000000, 0.000000000, 0.000000000, 0.000000000, 0.000000000, 0.000000000, 0.000000000, 0.000000000, 0.000000000, 0.000000000, 0.000000000, 0.199001309, 0.633600242, 1.008317621, 1.110143601, 1.099557517, 0.705502758, 0.437265555, 4.725715106,12.281294286,15.232844453,17.737723191,17.507004529,15.862591341,14.255780632,12.179853769,12.513513966, 3.800228722, 1.929798015, 3.294540078, 3.120072132, 2.500888236, 2.857683540, 2.236769906, 0.414719893, 0.000000000, 0.000000000
 0.000000000, 0.000000000, 1.299614438, 0.539942558, 0.702104352, 0.440064649, 0.123435262, 0.000000000, 0.000000000, 0.000000000, 0.006101109, 0.011267205, 0.000000000, 0.000000000, 0.000000000, 0.000000000, 0.000000000, 0.000000000, 0.160526370, 0.587781343, 1.196635559, 1.372928943, 1.376760278, 0.824476406, 0.509668961, 6.247696320,18.622845323,21.833783219,18.611559836,16.027695907,15.508965374,15.199560925,15.258446838,16.024010548,13.744120711, 0.000000000, 1.515372042, 3.003091456, 3.012931238, 4.142429971, 2.908817887, 0.000000000, 0.000000000, 0.000000000
 0.000000000, 0.000000000, 1.014253792, 1.453759375, 1.119131222, 0.641876529, 0.099576672, 0.000000000, 0.000000000, 0.000000000, 0.000000000, 0.000000000, 0.000000000, 0.000000000, 0.061487684, 0.076382078, 0.000000000, 0.000000000, 0.451589950, 1.016487466, 1.249524438, 1.337303527, 1.388596443, 0.918754044, 0.794759973, 8.944492880,18.624106039,21.462821905,19.401597377,16.304171502,14.362399136,13.509550969,13.203384799,12.257439556,13.629599018, 5.346340191,15.086613391,13.629475331,11.211754142,10.381864376, 3.166092225, 0.000000000, 0.000000000, 0.000000000
 0.000000000, 0.844618900, 3.168859902, 2.521839239, 1.819028996, 1.456694488, 0.506676163, 0.000000000, 0.000000000, 0.000000000, 0.000000000, 0.000000000, 0.000000000, 0.020952329, 0.176054856, 0.211473313, 0.000000000, 0.195425805, 0.650153210, 1.376199388, 1.878620966, 2.027506832, 2.097655265, 1.476509083, 0.000000000, 0.000000000, 0.000000000, 8.678315583,11.431588162, 9.402816574, 8.808488110, 8.605365141, 8.640865753, 8.732789505, 9.878885992,14.189147651,19.372280868,22.731963591,22.640710820,18.427796922, 8.992508350, 0.000000000, 0.000000000, 0.000000000
 0.000000000, 0.000000000, 1.663519285, 2.240343427, 2.444787791, 2.112336733, 0.783613928, 0.000000000, 0.000000000, 0.000000000, 0.000000000, 0.000000000, 0.000000000, 0.000000000, 0.171890781, 0.277539297, 0.000000000, 0.000000000, 0.560070480, 1.553316027, 2.113812714, 2.247028590, 2.362792847, 1.324698985, 0.000000000, 5.499901039,21.114718999,21.289628489,14.783694644,10.990292109, 9.866769603, 9.430563342, 8.851959628, 8.785097676, 8.756152090,11.538684888,16.645901617,18.428612929,16.428047628,13.189727666, 6.922873921, 2.844067601, 0.000000000, 0.000000000
 0.000000000, 0.000000000, 3.954200037, 2.065618378, 2.791861331, 2.320388101, 0.722264673, 0.000000000, 0.000000000, 0.000000000, 0.000000000, 0.000000000, 0.000000000, 0.000000000, 0.069308383, 0.102590021, 0.000000000, 0.072255852, 0.895087643, 2.024474232, 3.229941237, 3.699606917, 3.728718212, 3.554924798, 0.000000000, 0.000000000, 6.676912163,10.706276444, 9.508265441, 7.547743064, 6.587737850, 6.311198960, 6.319090131, 6.289052428, 6.966453721, 8.815961983,12.960727031,16.664552625,18.066358173,18.847386571, 0.000000000, 0.000000000, 0.000000000, 0.000000000
 0.000000000, 0.000000000, 7.785230554, 9.432700907, 6.448679928, 5.294079947, 2.583264503, 0.000000000, 0.000000000, 0.000000000, 0.000000000, 0.000000000, 0.000000000, 0.000000000, 0.000000000, 0.341523127, 0.253164891, 0.453008973, 1.788803258, 3.321373096, 4.748987144, 5.878921759, 6.636299079, 6.594299588, 0.000000000, 0.000000000, 4.583170408, 8.920767733, 8.816086001, 8.168905620, 8.208378475, 8.624421186, 8.957413862, 9.312491595,10.368602713,11.906933449,14.689337280,16.311843912,15.464074126,17.410115956,21.172967083, 0.000000000, 0.000000000, 0.000000000
 0.000000000, 0.000000000, 5.011363081, 6.935531353, 5.187918987, 5.230118642, 2.807756205, 0.572745658, 0.000000000, 0.000000000, 0.000000000, 0.000000000, 0.000000000, 0.000000000, 0.000000000, 0.000000000, 0.000000000, 0.303237406, 1.942953241, 3.619075348, 5.220080347, 5.563824655, 5.977390055, 3.362002983, 0.000000000, 3.620796154,10.751060119,12.027222587,10.724553318, 9.568644115, 9.152698924, 8.583345662, 8.643421253, 8.515813315, 8.436337544, 8.734134256, 9.556634243,10.702431066,11.209668353,11.140458751,10.861959919, 6.689675201, 0.000000000, 0.000000000
 0.000000000, 0.000000000, 7.785524713, 5.675541598, 4.906389071, 3.573015059, 1.459845963, 0.264699490, 0.000000000, 0.000000000, 0.000000000, 0.000000000, 0.000000000, 0.000000000, 0.000000000, 0.000000000, 0.000000000, 0.000000000, 0.000000000, 5.779030367, 9.454056490,10.637201760, 9.800234407, 9.115792206, 5.670451807, 0.000000000, 7.075242936, 9.238193815, 7.675325329, 7.047806628, 6.926065093, 6.907073935, 7.422609444, 7.893514005, 6.603017851, 7.190896122,10.085621697,11.236595636,11.654386113,12.134290010,12.947423406, 0.000000000, 0.000000000, 0.000000000
 0.000000000, 1.739119394,11.474893583,14.597765177,10.556309411, 8.340764886, 4.199094138, 1.604133414, 0.000000000, 0.000000000, 0.000000000, 0.000000000, 0.650369436, 2.136990482, 0.000000000, 0.000000000, 0.000000000, 1.223465033, 3.802951944, 9.760250817,14.699458585,17.718107578,18.311731261,18.125395501,20.169884293, 0.000000000, 0.000000000, 0.000000000,15.072241472,13.091450379,12.449619913,13.154231392,13.564128151,13.872235374,14.338187363,14.952917976,15.170075568,15.693506664,16.433484331,16.523063302,16.738427420, 0.000000000, 0.000000000, 0.000000000
 0.000000000, 2.276943632, 6.747087878,10.311787849, 9.898309236, 9.569283148, 6.961843028, 2.545975657, 0.000000000, 0.000000000, 0.000000000, 0.000000000, 0.000000000, 0.457829236, 1.475348832, 0.000000000, 0.000000000, 1.017553613, 5.322645339, 9.862167454,13.438522391,15.858959430,17.194775718,16.208525287,15.113887113,18.041028787,23.454987278,23.945703786,20.656088683,17.835705508,16.397238082,15.198568956,14.933625371,14.816670488,14.511336570,13.560423703,12.231725463,11.037753069, 9.224054131, 8.461627171, 9.644859365, 0.000000000, 0.000000000, 0.000000000
 0.000000000, 0.000000000, 3.678907038, 3.869605830, 0.000000000, 0.000000000, 0.000000000, 0.000000000, 0.000000000, 0.000000000, 0.000000000, 0.000000000, 0.000000000, 0.000000000, 0.000000000, 0.000000000, 0.000000000, 0.000000000, 2.210878335, 2.873935840, 3.645740205, 3.887801793, 3.856477574, 4.231916402, 4.675849487, 5.285928033, 5.630268224, 5.185914286, 4.864522110, 4.504724006, 4.027333184, 4.258536070, 4.551388788, 4.503049930, 4.557578362, 4.584468824, 4.974735645, 7.041783783, 8.412233356, 8.416018944, 7.118758220, 5.639360657, 0.000000000, 0.000000000
 0.000000000, 0.000000000, 7.285966407,11.978548571,13.037291606,10.364409630, 7.289154906, 3.916808277, 1.601544281, 0.813145239, 0.736063330, 0.344743583, 0.728627838, 1.456119785, 1.464936521, 1.656530471, 1.100248815, 1.476309024, 3.276943136, 6.118244492,11.082693128,14.811131815,15.241201105,15.202657355,16.170268324,19.355021405,20.943008604,19.043444397,16.552558836,14.941277647,14.281546320,14.611376231,15.452761565,16.260273264, 6.419283392, 6.472790854, 8.849622632,14.387958543,17.702580425,17.662911721,17.277707268,16.356668990, 0.000000000, 0.000000000
 0.000000000, 0.000000000, 8.332402696,15.945310163,20.512559981,19.695360614,16.868676459,12.771619214, 9.252693932, 6.833121079, 5.142610452, 4.649646562, 4.529508166, 4.772292638, 5.238995325, 6.358111486, 7.515836563, 6.640203818, 6.852074871,10.954111736,17.774953110,23.822155024,26.717400530,27.583845235,28.923352541,34.258176747,41.311287018,40.988843722,34.613097086,30.796366164,30.297978260,29.954498258,29.040213054,28.939962680,10.721827095,10.698104338, 9.823233694,16.950328141,24.546033205,23.907420675,22.412671365,20.134744156, 0.000000000, 0.000000000
 0.000000000, 3.770538313, 7.804700812,11.878429615,14.902699144,15.616903638,15.070661924,13.710348585,11.729910456, 9.927517977, 8.363013397, 6.953353098, 6.695501812, 6.640159884, 6.555795798, 8.205781889,10.085342407, 9.965138196, 9.614859709,11.779346091,15.737334233,19.482831822,23.002405524,25.959455974,27.024249419,29.986304626,37.589576377,42.366191310,40.494296528,35.393660393,31.127736082,29.681967404,29.158679322,27.614366865, 9.608482445, 8.719772113, 7.090775117,10.196422658,13.459263783,12.485665557,11.092080258,10.070383811, 0.000000000, 0.000000000
 0.000000000, 1.754581553, 5.563332971, 7.271766635, 6.732447541, 6.566165936, 6.068133289, 5.897056066, 6.462970660, 5.838751021, 4.822090026, 4.362673734, 3.839257976, 3.909058986, 3.553883370, 2.583199098, 2.663033969, 4.731568834, 4.532217604, 6.218054089, 7.776872036, 8.702973623,10.217410545,11.202556233,10.855254069,11.675240216,19.436949257,22.924866937,18.205613140,16.332669252,14.873840751,13.645372040,12.604597242,11.263786554, 5.195075738, 4.948258392, 4.476497380, 4.914029320, 5.328207084, 4.951660248, 4.293517304, 4.065711229, 0.000000000, 0.000000000
 0.000000000, 2.041561879, 8.239101693, 9.133494113, 5.635388477, 4.693328043, 3.575581254, 3.161815124, 2.744982392, 1.849843121, 1.746273729, 1.520542791, 1.372236548, 1.551702956, 1.084773991, 0.832897967, 0.451670577, 0.405833825, 3.037483873, 4.373717434, 5.467811805, 6.895393938, 7.135759466, 6.776090535, 5.220943265, 2.110101610, 3.216723593, 9.494011730, 9.182567367, 9.126310247, 8.945269207, 8.664556518, 8.478031669, 8.717274209, 8.824592910, 9.399704382, 9.514621036, 9.005075845, 9.057764918, 9.279745811, 9.323436679, 9.396632246, 0.000000000, 0.000000000
 0.000000000, 4.591079038,13.626882906,19.633916434,16.856292766,13.151704425,10.015385098, 4.831480307, 0.795571842, 1.360171188, 2.173313862, 2.063336065, 1.887648138, 1.853810367, 1.212566610, 0.592733004, 1.055777591, 3.176696457, 7.243680006, 8.550004559,10.597153991,13.467039994,15.742471902,15.938067226,15.544566643,15.783307877,21.375848286,25.323842544,21.294144946,18.039840927,17.965484884,18.378878018,18.712679724,19.535078942,20.169789536,20.883577560,21.277680367,21.097903194,20.402486997,20.037748507,20.089330840,20.139567563, 0.000000000, 0.000000000
 0.000000000, 3.481706725,12.268993928,25.963315602,28.743827759,26.445271316,21.254066206,15.888969850,10.799594318, 7.441209665, 5.521716425, 4.528592209, 4.294952419, 4.304579355, 3.594790588, 2.019075925, 2.606519124, 5.636812850,11.569722139,15.233037104,18.807020767,22.222345089,25.268908737,26.353152851,26.200553644,27.275595076,33.670034356,40.687030248,41.537147117,38.613303678,35.382880642,33.448735346,32.608882336,32.583757621,32.892687089,33.340314260,33.196390617,32.237080005,29.856572997,28.166413044,27.913450116,27.370949537, 0.000000000, 0.000000000
