 0.00000000, 0.00000000, 0.00000000, 0.00000000, 0.00000000, 0.00000000, 0.00000000, 0.00000000, 0.00000000, 0.00000000, 0.00000000, 0.00000000, 0.00000000, 0.00000000, 0.00000000, 0.00000000, 0.00000000, 0.00000000, 0.00000000, 0.00000000, 0.00000000, 0.00000000, 0.08709480, 0.12053602, 0.02120996, 0.01966810, 0.00000000, 0.00000000, 0.00000000, 0.00000000, 0.00000000, 0.00000000, 0.00000000, 0.00000000, 0.00000000, 0.07813374, 0.13633225, 0.10598710, 0.05744947, 0.00000000, 0.00000000, 0.00000000, 0.00000000, 0.00000000, 0.00000000, 0.00000000, 0.00000000, 0.00000000, 0.00000000, 0.00000000
 0.00000000, 0.00000000, 0.00000000, 0.00000000, 0.00000000, 0.00000000, 0.00000000, 0.00000000, 0.00000000, 0.00000000, 0.00000000, 0.00000000, 0.00000000, 0.00000000, 0.00000000, 0.00000000, 0.00000000, 0.00000000, 0.00000000, 0.00000000, 0.00000000, 0.00000000, 0.04735006, 0.06551089, 0.00000000, 0.06491505, 0.00000000, 0.00000000, 0.00000000, 0.00000000, 0.00000000, 0.00000000, 0.00000000, 0.00000000, 0.00000000, 0.00000000, 0.04763080, 0.09206544, 0.08128968, 0.00000000, 0.19912345, 0.24145337, 0.00000000, 0.00000000, 0.00000000, 0.00000000, 0.00000000, 0.00000000, 0.00000000, 0.00000000
 0.00000000, 0.00000000, 0.00000000, 0.00000000, 0.00000000, 0.00000000, 0.00000000, 0.00000000, 0.00000000, 0.00000000, 0.00000000, 0.00000000, 0.00000000, 0.00000000, 0.00000000, 0.00000000, 0.00000000, 0.00000000, 0.00000000, 0.00000000, 0.00000000, 0.00000000, 0.00000000, 0.00000000, 0.06655063, 0.06544719, 0.00000000, 0.00000000, 0.00000000, 0.00000000, 0.00000000, 0.00000000, 0.00000000, 0.00000000, 0.00000000, 0.06342786, 0.07704415, 0.05367772, 0.03905343, 0.00000000, 0.00000000, 0.00000000, 0.00000000, 0.00000000, 0.00000000, 0.00000000, 0.00000000, 0.00000000, 0.00000000, 0.00000000
 0.00000000, 0.00000000, 0.00000000, 0.00000000, 0.00000000, 0.00000000, 0.00000000, 0.00000000, 0.00000000, 0.00000000, 0.00000000, 0.00000000, 0.00000000, 0.00000000, 0.00000000, 0.00000000, 0.00000000, 0.00000000, 0.00000000, 0.00000000, 0.00000000, 0.00000000, 0.00000000, 0.00000000, 0.11931188, 0.13503328, 0.00000000, 0.00000000, 0.00000000, 0.00000000, 0.00000000, 0.00000000, 0.00000000, 0.00000000, 0.00000000, 0.00000000, 0.00000000, 0.00000000, 0.00000000, 0.00000000, 0.00000000, 0.00000000, 0.00000000, 0.00000000, 0.00000000, 0.00000000, 0.00000000, 0.00000000, 0.00000000, 0.00000000
 0.00000000, 0.00000000, 0.00000000, 0.00000000, 0.00000000, 0.00000000, 0.00000000, 0.00000000, 0.00000000, 0.00000000, 0.00000000, 0.00000000, 0.00000000, 0.00000000, 0.00000000, 0.00000000, 0.00000000, 0.00000000, 0.00000000, 0.00000000, 0.00000000, 0.00000000, 0.00000000, 0.00000000, 0.00000000, 0.00000000, 0.00000000, 0.00000000, 0.00000000, 0.00000000, 0.00000000, 0.00000000, 0.00000000, 0.00000000, 0.00000000, 0.00000000, 0.00000000, 0.00000000, 0.00000000, 0.00000000, 0.00000000, 0.00000000, 0.00000000, 0.00000000, 0.00000000, 0.00000000, 0.00000000, 0.00000000, 0.00000000, 0.00000000
 0.00000000, 0.00000000, 0.00000000, 0.00000000, 0.00000000, 0.00000000, 0.00000000, 0.00000000, 0.00000000, 0.00000000, 0.00000000, 0.00000000, 0.00000000, 0.00000000, 0.00000000, 0.00000000, 0.00000000, 0.00000000, 0.00000000, 0.00000000, 0.00000000, 0.00000000, 0.00000000, 0.00000000, 0.00000000, 0.00000000, 0.00000000, 0.00000000, 0.00000000, 0.00000000, 0.00000000, 0.00000000, 0.00000000, 0.00000000, 0.00000000, 0.00000000, 0.00000000, 0.00000000, 0.00000000, 0.00000000, 0.00000000, 0.00000000, 0.00000000, 0.00000000, 0.00000000, 0.00000000, 0.00000000, 0.00000000, 0.00000000, 0.00000000
 0.00000000, 0.00000000, 0.00000000, 0.00000000, 0.00000000, 0.00000000, 0.00000000, 0.00000000, 0.00000000, 0.00000000, 0.00000000, 0.00000000, 0.00000000, 0.00000000, 0.00000000, 0.00000000, 0.00000000, 0.00000000, 0.00000000, 0.00000000, 0.00000000, 0.00000000, 0.00000000, 0.00000000, 0.00000000, 0.00000000, 0.00000000, 0.00000000, 0.00000000, 0.00000000, 0.00000000, 0.00000000, 0.00000000, 0.00000000, 0.00000000, 0.00000000, 0.00000000, 0.00000000, 0.00000000, 0.00000000, 0.00000000, 0.00000000, 0.00000000, 0.00000000, 0.00000000, 0.00000000, 0.00000000, 0.00000000, 0.00000000, 0.00000000
 0.00000000, 0.00000000, 0.00000000, 0.00000000, 0.00000000, 0.00000000, 0.00000000, 0.00000000, 0.00000000, 0.00000000, 0.00000000, 0.00000000, 0.00000000, 0.00000000, 0.00000000, 0.00000000, 0.00000000, 0.00000000, 0.00000000, 0.00000000, 0.00000000, 0.00000000, 0.00000000, 0.00000000, 0.00000000, 0.00000000, 0.00000000, 0.00000000, 0.00000000, 0.00000000, 0.00000000, 0.00000000, 0.00000000, 0.00000000, 0.00000000, 0.00000000, 0.00000000, 0.00000000, 0.00000000, 0.00000000, 0.00000000, 0.00000000, 0.00000000, 0.00000000, 0.00000000, 0.00000000, 0.00000000, 0.00000000, 0.00000000, 0.00000000
 0.00000000, 0.00000000, 0.00000000, 0.00000000, 0.00000000, 0.00000000, 0.00000000, 0.00000000, 0.00000000, 0.00000000, 0.00000000, 0.00000000, 0.00000000, 0.00000000, 0.00000000, 0.00000000, 0.00000000, 0.00000000, 0.00000000, 0.00000000, 0.00000000, 0.00000000, 0.00000000, 0.00000000, 0.00000000, 0.00000000, 0.00000000, 0.00000000, 0.00000000, 0.00000000, 0.00000000, 0.00000000, 0.00000000, 0.00000000, 0.00000000, 0.00000000, 0.00000000, 0.00000000, 0.00000000, 0.00000000, 0.00000000, 0.00000000, 0.00000000, 0.00000000, 0.00000000, 0.00000000, 0.00000000, 0.00000000, 0.00000000, 0.00000000
 0.00000000, 0.00000000, 0.00000000, 0.00000000, 0.00000000, 0.00000000, 0.00000000, 0.00000000, 0.00000000, 0.00000000, 0.00000000, 0.00000000, 0.00000000, 0.00000000, 0.00000000, 0.00000000, 0.00000000, 0.00000000, 0.00000000, 0.00000000, 0.00000000, 0.00000000, 0.00000000, 0.00000000, 0.00000000, 0.00000000, 0.00000000, 0.00000000, 0.00000000, 0.00000000, 0.00000000, 0.00000000, 0.00000000, 0.00000000, 0.00000000, 0.00000000, 0.00000000, 0.00000000, 0.00000000, 0.00000000, 0.00000000, 0.00000000, 0.00000000, 0.00000000, 0.00000000, 0.00000000, 0.00000000, 0.00000000, 0.00000000, 0.00000000
 0.00000000, 0.00000000, 0.00000000, 0.00000000, 0.00000000, 0.00000000, 0.00000000, 0.00000000, 0.03349243, 0.11279556, 0.11787670, 0.12190566, 0.21835299, 0.26575164, 0.00000000, 0.00000000, 0.00000000, 0.00000000, 0.00000000, 0.00000000, 0.00000000, 0.00000000, 0.00000000, 0.00000000, 0.00000000, 0.00000000, 0.00000000, 0.00000000, 0.00000000, 0.00000000, 0.00000000, 0.00000000, 0.00000000, 0.00000000, 0.04516793, 0.06022830, 0.00000000, 0.00000000, 0.00000000, 0.00000000, 0.00000000, 0.00000000, 0.00000000, 0.00000000, 0.00000000, 0.00000000, 0.00000000, 0.00000000, 0.00000000, 0.00000000
 0.00000000, 0.09086446, 0.03159306, 0.00000000, 0.00000000, 0.00000000, 0.00000000, 0.00000000, 0.01883828, 0.01701262, 0.00000000, 0.10492453, 0.25351344, 0.37366363, 0.34427310, 0.00000000, 0.00000000, 0.00000000, 0.00000000, 0.00000000, 0.00000000, 0.00000000, 0.00000000, 0.00000000, 0.00000000, 0.00000000, 0.00000000, 0.00000000, 0.00000000, 0.00000000, 0.00000000, 0.00000000, 0.00000000, 0.06919564, 0.07197734, 0.06589875, 0.05380644, 0.05630772, 0.13783902, 0.25259345, 0.22148900, 0.00000000, 0.00000000, 0.00000000, 0.00000000, 0.20374536, 0.09097794, 0.00000000, 0.00000000, 0.00000000
 0.00000000, 0.19604388, 0.06462982, 0.00000000, 0.00000000, 0.00000000, 0.00000000, 0.06793384, 0.10009691, 0.10260345, 0.05455830, 0.00000000, 0.22690772, 0.50556838, 0.29297203, 0.08012934, 0.00000000, 0.00000000, 0.00000000, 0.00000000, 0.00000000, 0.00000000, 0.00000000, 0.00000000, 0.00000000, 0.00000000, 0.00000000, 0.00000000, 0.07041490, 0.17745796, 0.12276732, 0.00000000, 0.00000000, 0.02167361, 0.02451782, 0.01793047, 0.06782174, 0.05304069, 0.14510127, 0.33168160, 0.35183590, 0.33483364, 0.30695299, 0.33830890, 0.41705970, 0.45668265, 0.34550793, 0.18751332, 0.00000000, 0.00000000
 0.00000000, 0.00000000, 0.00000000, 0.00000000, 0.00000000, 0.00000000, 0.00000000, 0.00000000, 0.16317911, 0.25345485, 0.27302068, 0.42119562, 0.59433085, 0.59276901, 0.38017866, 0.20220133, 0.09775284, 0.00000000, 0.00000000, 0.00000000, 0.00000000, 0.00000000, 0.00000000, 0.00000000, 0.00000000, 0.00000000, 0.00000000, 0.00000000, 0.08213150, 0.22470484, 0.22519457, 0.25332073, 0.34187329, 0.22265748, 0.15806215, 0.08990371, 0.00000000, 0.00000000, 0.17249616, 0.29862982, 0.32292814, 0.30156895, 0.00000000, 0.32450486, 0.42169411, 0.45909210, 0.33880257, 0.19460670, 0.00000000, 0.00000000
 0.00000000, 0.00000000, 0.00000000, 0.00000000, 0.00000000, 0.00000000, 0.00000000, 0.00000000, 0.07120409, 0.23736765, 0.37666257, 0.35686617, 0.32926425, 0.47807739, 0.56839753, 0.35642068, 0.10426818, 0.00000000, 0.00000000, 0.00000000, 0.00000000, 0.00000000, 0.00000000, 0.00000000, 0.00000000, 0.00000000, 0.00000000, 0.00000000, 0.08812963, 0.24883566, 0.44819643, 0.45884158, 0.32522990, 0.22859113, 0.17595573, 0.16881841, 0.11547103, 0.00000000, 0.00000000, 0.00000000, 0.00000000, 0.00000000, 0.00000000, 0.32118588, 0.40935487, 0.42639919, 0.40465804, 0.28136461, 0.00000000, 0.00000000
 0.00000000, 0.00000000, 0.00000000, 0.00000000, 0.00000000, 0.00000000, 0.00000000, 0.15311575, 0.15911519, 0.26621310, 0.34219427, 0.40657682, 0.46345735, 0.45667611, 0.45438089, 0.29453258, 0.16244421, 0.00000000, 0.00000000, 0.00000000, 0.00000000, 0.00000000, 0.00000000, 0.00000000, 0.00000000, 0.00000000, 0.00000000, 0.00000000, 0.00000000, 0.00000000, 0.27936073, 0.32403958, 0.00000000, 0.00000000, 0.00000000, 0.00000000, 0.00000000, 0.00000000, 0.00000000, 0.00000000, 0.00000000, 0.00000000, 0.00000000, 0.28295925, 0.35750651, 0.29611794, 0.32295330, 0.00000000, 0.00000000, 0.00000000
 0.00000000, 0.00000000, 0.00000000, 0.00000000, 0.00000000, 0.00000000, 0.18251897, 0.17771244, 0.28071542, 0.29152736, 0.28933777, 0.48207921, 0.57901520, 0.54402677, 0.48924902, 0.42906476, 0.00000000, 0.00000000, 0.00000000, 0.00000000, 0.00000000, 0.00000000, 0.00000000, 0.00000000, 0.00000000, 0.00000000, 0.00000000, 0.00000000, 0.00000000, 0.00000000, 0.00000000, 0.00000000, 0.00000000, 0.00000000, 0.00000000, 0.00000000, 0.00000000, 0.00000000, 0.00000000, 0.00000000, 0.00000000, 0.00000000, 0.22007790, 0.34730245, 0.40645199, 0.36054469, 0.36357665, 0.00000000, 0.00000000, 0.00000000
 0.00000000, 0.00000000, 0.00000000, 0.24647213, 0.17189000, 0.22525432, 0.26447246, 0.18119996, 0.23663730, 0.37059975, 0.58069880, 0.87097574, 1.03685790, 0.90842105, 0.71975141, 0.41189367, 0.18002446, 0.00000000, 0.00000000, 0.00000000, 0.00000000, 0.00000000, 0.00000000, 0.00000000, 0.00000000, 0.00000000, 0.00000000, 0.00000000, 0.00000000, 0.00000000, 0.00000000, 0.00000000, 0.00000000, 0.00000000, 0.07458048, 0.04927037, 0.03270073, 0.00000000, 0.00000000, 0.00000000, 0.00000000, 0.12718789, 0.35607261, 0.65348587, 0.71702108, 0.59071306, 0.34863480, 0.00000000, 0.00000000, 0.00000000
 0.00000000, 0.00000000, 0.00000000, 0.23151140, 0.17226828, 0.22018456, 0.29060141, 0.12587661, 0.20415766, 0.72733689, 1.15033401, 1.49567553, 1.85610095, 0.97751026, 0.62978312, 0.58924515, 0.16222277, 0.07985409, 0.00000000, 0.00000000, 0.00000000, 0.00000000, 0.00000000, 0.00000000, 0.00000000, 0.00000000, 0.00000000, 0.00000000, 0.00000000, 0.07979865, 0.08665260, 0.11513656, 0.13922146, 0.14886735, 0.07476161, 0.02072120, 0.00000000, 0.03162256, 0.02323333, 0.00000000, 0.06490883, 0.26311951, 0.53663269, 1.14452584, 1.37275677, 0.84737980, 0.24702674, 0.00000000, 0.00000000, 0.00000000
 0.00000000, 0.25604879, 0.22954097, 0.00000000, 0.00000000, 0.08622955, 0.16349329, 0.10109272, 0.00000000, 0.59713534, 1.72575033, 2.09174653, 2.21539843, 2.39939348, 1.64189785, 0.45220231, 0.00000000, 0.00000000, 0.00000000, 0.00000000, 0.00000000, 0.00000000, 0.00000000, 0.00000000, 0.00000000, 0.00000000, 0.00000000, 0.00000000, 0.00000000, 0.00000000, 0.04469190, 0.04344377, 0.04063714, 0.13409540, 0.12230846, 0.04660259, 0.00000000, 0.00000000, 0.00000000, 0.00000000, 0.10080000, 0.54226821, 0.85991738, 1.42615645, 1.92954820, 1.85108461, 0.91151053, 0.00000000, 0.00000000, 0.00000000
 0.00000000, 0.31492540, 0.31123711, 0.27391171, 0.28031890, 0.37143439, 0.32251144, 0.10954519, 0.00000000, 0.53456308, 1.36403291, 1.58796379, 1.58846539, 1.77025958, 1.40580285, 0.44306433, 0.00000000, 0.00000000, 0.00000000, 0.00000000, 0.00000000, 0.00000000, 0.00000000, 0.00000000, 0.00000000, 0.00000000, 0.00000000, 0.00000000, 0.00000000, 0.00000000, 0.00000000, 0.00000000, 0.00000000, 0.00000000, 0.00000000, 0.00000000, 0.00000000, 0.21117202, 0.10290214, 0.00000000, 0.19753724, 0.45613904, 0.51465023, 0.94974885, 1.37989005, 1.40562451, 1.12054140, 0.86020714, 0.00000000, 0.00000000
 0.00000000, 0.00000000, 0.00000000, 0.00000000, 0.20381858, 0.28033131, 0.25193727, 0.09477283, 0.00000000, 0.33224034, 0.86090171, 1.26411128, 1.25903059, 1.22087145, 1.05043771, 0.62431186, 0.22793628, 0.00000000, 0.00000000, 0.00000000, 0.00000000, 0.00000000, 0.00000000, 0.00000000, 0.00000000, 0.00000000, 0.00000000, 0.00000000, 0.00000000, 0.00000000, 0.00000000, 0.00000000, 0.00000000, 0.00000000, 0.00000000, 0.00000000, 0.22213768, 0.16560025, 0.04001184, 0.03907018, 0.12451100, 0.23318243, 0.31628506, 0.60951250, 0.83553432, 0.86060342, 0.72786956, 0.61292401, 0.00000000, 0.00000000
 0.00000000, 0.00000000, 0.00000000, 0.00000000, 0.00000000, 0.00000000, 0.00000000, 0.21370529, 0.24850038, 0.74121939, 1.65118934, 1.91621782, 2.10817632, 1.94113928, 1.26911998, 0.59919409, 0.20905362, 0.00000000, 0.00000000, 0.00000000, 0.00000000, 0.00000000, 0.00000000, 0.00000000, 0.00000000, 0.00000000, 0.00000000, 0.00000000, 0.00000000, 0.00000000, 0.00000000, 0.00000000, 0.10956157, 0.40423846, 0.67421592, 0.30549224, 0.15606463, 0.25614367, 0.18331855, 0.00000000, 0.00000000, 0.23647256, 0.31456265, 0.50803059, 0.65186452, 0.57883883, 0.45559735, 0.42317378, 0.00000000, 0.00000000
 0.00000000, 0.29531248, 0.28948106, 0.24930491, 0.00000000, 0.00000000, 0.00000000, 0.14566871, 0.35624032, 1.15130822, 2.53107972, 2.72847256, 3.04418063, 2.38122725, 1.00861251, 0.20028707, 0.00000000, 0.00000000, 0.00000000, 0.00000000, 0.00000000, 0.00000000, 0.00000000, 0.00000000, 0.00000000, 0.00000000, 0.00000000, 0.00000000, 0.00000000, 0.28912825, 0.17406892, 0.09663775, 0.18980708, 0.43501619, 0.72284905, 0.52710678, 0.16361055, 0.09342225, 0.21309238, 0.33477803, 0.35727561, 0.27958650, 0.31784295, 0.57532593, 0.74816701, 0.66477892, 0.55072615, 0.47383996, 0.00000000, 0.00000000
 0.00000000, 0.45893117, 0.41627058, 0.39697736, 0.27111435, 0.09213345, 0.00000000, 0.00000000, 0.00000000, 1.16932651, 2.44378799, 2.45385706, 2.71958143, 2.83919718, 2.30232977, 0.74783521, 0.00000000, 0.00000000, 0.00000000, 0.00000000, 0.00000000, 0.00000000, 0.00000000, 0.00000000, 0.00000000, 0.00000000, 0.00000000, 0.00000000, 0.00000000, 0.25118859, 0.28496342, 0.15522912, 0.23115915, 0.73814664, 0.94656541, 0.82244378, 0.59940638, 0.39198484, 0.39129054, 0.44592804, 0.32382840, 0.23573234, 0.41766608, 0.82648188, 1.08223563, 0.87583942, 0.65911224, 0.67062420, 0.00000000, 0.00000000
 0.00000000, 0.88321907, 0.77129423, 0.70238621, 0.68219631, 0.53241568, 0.15520586, 0.00000000, 0.00000000, 0.38209098, 1.04278672, 1.33231623, 1.45649311, 1.59992886, 2.22388130, 1.39911293, 0.00000000, 0.00000000, 0.00000000, 0.00000000, 0.00000000, 0.00000000, 0.00000000, 0.00000000, 0.00000000, 0.00000000, 0.00000000, 0.00000000, 0.00000000, 0.25887899, 0.43555248, 0.33846601, 0.12590368, 0.57235487, 0.85257190, 0.67342288, 0.63085068, 0.62134556, 0.59331819, 0.61665424, 0.26999203, 0.17035052, 0.49442563, 1.12354829, 1.68382511, 1.44327209, 1.47821608, 1.86698590, 0.00000000, 0.00000000
 0.00000000, 1.36708553, 1.31843814, 1.14507176, 1.01163400, 1.05883563, 0.87174232, 0.21754442, 0.12653092, 0.49878646, 0.76051229, 0.75794362, 0.81823882, 0.90448928, 0.96341941, 0.44743628, 0.00000000, 0.00000000, 0.17821589, 0.19356050, 0.00000000, 0.00000000, 0.00000000, 0.00000000, 0.00000000, 0.00000000, 0.00000000, 0.00000000, 0.00000000, 0.00000000, 0.07178606, 0.09093008, 0.11428288, 0.58447606, 0.92150019, 0.75478330, 1.00498896, 1.10799758, 0.45632440, 0.76564552, 1.84415008, 1.83012672, 2.13614585, 2.50818586, 2.04088781, 1.24284423, 0.33486706, 0.00000000, 0.00000000, 0.00000000
 0.00000000, 1.57064480, 1.36710067, 1.15821992, 0.97983235, 1.01891628, 0.82583023, 0.31242749, 0.41706482, 0.50842754, 0.61669989, 0.58563554, 0.60957809, 0.64404453, 0.64011904, 0.28942610, 0.00000000, 0.00000000, 0.00000000, 0.00000000, 0.00000000, 0.00000000, 0.00000000, 0.00000000, 0.00000000, 0.00000000, 0.00000000, 0.00000000, 0.15091612, 0.21085548, 0.37588961, 0.21566268, 0.17458749, 0.78379227, 1.20275852, 0.84184902, 0.28563826, 0.00000000, 0.37424316, 1.12848022, 1.28402383, 0.67928826, 1.00680197, 2.28869002, 2.87600103, 1.67130923, 0.37898336, 0.00000000, 0.00000000, 0.00000000
 0.00000000, 1.09316804, 0.83871918, 0.66062122, 0.58515979, 0.62254796, 0.49571917, 0.17500319, 0.48404321, 0.69677693, 0.69552007, 0.61644924, 0.61576554, 0.60489494, 0.52513804, 0.22004623, 0.00000000, 0.00000000, 0.11819627, 0.19611945, 0.00000000, 0.00000000, 0.00000000, 0.00000000, 0.00000000, 0.00000000, 0.00000000, 0.00000000, 0.06729511, 0.19633737, 0.39102463, 0.23832433, 0.47382986, 1.42282461, 2.12488840, 2.81185834, 1.87140235, 0.00000000, 0.42993978, 1.09654179, 1.36105064, 1.09632106, 1.29520827, 1.90058681, 1.97789126, 1.79192018, 0.97426768, 0.00000000, 0.00000000, 0.00000000
 0.00000000, 0.60895907, 0.49818054, 0.41082442, 0.37305773, 0.39738743, 0.30065551, 0.08792300, 0.24852682, 0.66229488, 0.65986649, 0.62889783, 0.66066572, 0.68888535, 0.69829746, 0.56455076, 0.20406885, 0.37094545, 0.54247016, 0.45556576, 0.00000000, 0.00000000, 0.00000000, 0.00000000, 0.00000000, 0.00000000, 0.00000000, 0.00000000, 0.09107259, 0.33155257, 0.68876406, 0.58247325, 0.69640972, 2.91406650, 3.83820690, 3.58468553, 3.87627383, 3.27193110, 1.97962604, 1.15286395, 1.19930279, 1.01177142, 1.07661929, 1.32131608, 1.34323981, 1.15264330, 0.48737772, 0.00000000, 0.00000000, 0.00000000
 0.00000000, 0.45153604, 0.38809566, 0.30935008, 0.28582974, 0.29971561, 0.27747833, 0.00000000, 0.13232997, 0.41957570, 0.55596250, 0.53112244, 0.55474551, 0.63556522, 0.68277932, 0.73576611, 0.76941171, 0.71862932, 0.60067639, 0.49238353, 0.00000000, 0.00000000, 0.00000000, 0.00000000, 0.00000000, 0.00000000, 0.00000000, 0.00000000, 0.00000000, 0.71669714, 1.56460063, 0.44953840, 1.05260283, 2.53657687, 3.59406347, 3.23828405, 2.16577721, 1.63622073, 1.07871084, 0.74649397, 0.64426648, 0.57422616, 0.73037430, 1.00299636, 0.94007789, 0.77774500, 0.65799594, 0.64409411, 0.00000000, 0.00000000
 0.00000000, 0.30501132, 0.28488749, 0.00000000, 0.00000000, 0.00000000, 0.00000000, 0.00000000, 0.23208593, 0.52711033, 0.48603557, 0.46002443, 0.48456997, 0.53622242, 0.56239626, 0.45264826, 0.29833496, 0.41658568, 0.54581241, 0.48965524, 0.41506332, 0.39388613, 0.00000000, 0.00000000, 0.00000000, 0.00000000, 0.00000000, 0.00000000, 0.00000000, 0.92213016, 2.98379318, 2.44617457, 2.30764487, 2.84133075, 2.94046615, 1.74001278, 0.90451914, 0.84914579, 0.74583801, 0.61613066, 0.47955150, 0.36992838, 0.46898078, 0.70861024, 0.78645185, 0.76423902, 0.58170553, 0.47140837, 0.00000000, 0.00000000
 0.00000000, 0.34363151, 0.31644196, 0.27129999, 0.00000000, 0.00000000, 0.00000000, 0.00000000, 0.13315754, 0.43474627, 0.50707647, 0.49119196, 0.50993933, 0.55727480, 0.59075046, 0.43912817, 0.44532544, 0.55200406, 0.52415751, 0.52967686, 0.49945501, 0.44815222, 0.00000000, 0.00000000, 0.00000000, 0.00000000, 0.00000000, 0.07901301, 0.13782426, 0.97549698, 3.17192933, 1.73441242, 1.81932327, 3.00745585, 2.77383070, 1.27893334, 0.38974197, 0.69373341, 0.61360382, 0.45199244, 0.46160610, 0.44458636, 0.54238348, 0.77084385, 0.81998187, 0.66106148, 0.60825376, 0.80905696, 0.00000000, 0.00000000
 0.00000000, 0.32424383, 0.29309134, 0.25767426, 0.00000000, 0.00000000, 0.00000000, 0.00000000, 0.21030360, 0.53032372, 0.57412270, 0.58699864, 0.62259511, 0.67353187, 0.65689538, 0.63210550, 0.60122939, 0.64639239, 0.67730144, 0.56807389, 0.48042087, 0.42814261, 0.00000000, 0.00000000, 0.00000000, 0.00000000, 0.00000000, 0.06984377, 0.23354070, 0.68496458, 0.99699747, 0.00000000, 1.49150424, 2.87658937, 1.99415047, 0.44746705, 0.00000000, 1.36030632, 1.08076251, 0.49193105, 0.52454391, 0.47390668, 0.51393988, 0.72359334, 0.78684673, 0.57768189, 0.64022629, 0.96517579, 0.00000000, 0.00000000
 0.00000000, 0.30915279, 0.28750480, 0.25443073, 0.00000000, 0.00000000, 0.00000000, 0.00000000, 0.25148567, 0.46334647, 0.57118936, 0.59341305, 0.61645540, 0.65091252, 0.67270223, 0.64889479, 0.61624699, 0.63420484, 0.57813552, 0.52356221, 0.49408193, 0.42584377, 0.00000000, 0.00000000, 0.00000000, 0.00000000, 0.00000000, 0.00000000, 0.23724977, 0.47000897, 3.09110715, 3.04334875, 1.40017842, 3.90729592, 4.70885132, 3.92938339, 2.03637806, 1.66350684, 0.87902419, 0.15110675, 0.25061233, 0.25102013, 0.43245274, 0.67713578, 0.79836074, 0.84606265, 0.98346596, 1.13589842, 0.00000000, 0.00000000
 0.00000000, 0.30846127, 0.28666182, 0.25049411, 0.00000000, 0.00000000, 0.00000000, 0.18079239, 0.33827337, 0.55999719, 0.61549342, 0.67085586, 0.76081425, 0.76262361, 0.73232635, 0.69844370, 0.46162468, 0.28697674, 0.36220641, 0.20158033, 0.00000000, 0.00000000, 0.00000000, 0.00000000, 0.00000000, 0.00000000, 0.00000000, 0.00000000, 0.00000000, 0.71930428, 3.74987500, 3.97108041, 2.67741290, 2.78852116, 3.25230268, 3.21137895, 1.22973235, 0.00000000, 0.00000000, 0.05699049, 0.36627978, 0.56972386, 0.72900552, 0.93465401, 1.13666741, 1.12659630, 1.11832097, 1.17636380, 0.00000000, 0.00000000
 0.00000000, 0.46070952, 0.43626003, 0.41197403, 0.37873300, 0.40388192, 0.30030066, 0.08038735, 0.26672700, 0.78612705, 0.84693356, 0.94405407, 1.07571181, 1.09829738, 0.92650862, 0.83603868, 0.41560297, 0.43335477, 0.79109445, 0.58587655, 0.44611268, 0.00000000, 0.00000000, 0.00000000, 0.00000000, 0.00000000, 0.00000000, 0.00000000, 0.00000000, 0.86269624, 3.82887158, 3.41186081, 2.84219473, 4.78680785, 4.65396794, 5.19702203, 2.58071474, 0.00000000, 0.00000000, 0.16528198, 0.72414475, 0.84901426, 0.89221138, 1.30561119, 1.54365336, 1.48375621, 1.48735692, 1.52126510, 0.00000000, 0.00000000
 0.00000000, 0.61349196, 0.57670573, 0.54179211, 0.50905167, 0.51307463, 0.36161771, 0.09959342, 0.38137846, 1.13912546, 1.05539168, 0.97555273, 1.02019858, 1.18387205, 1.34762784, 1.39276413, 0.35734150, 0.30760034, 0.61906271, 0.64667064, 0.53874200, 0.44965761, 0.41883699, 0.00000000, 0.00000000, 0.00000000, 0.00000000, 0.05258065, 0.05873625, 0.85528342, 4.64888442, 9.78342104, 8.80966918, 8.71549309, 6.29946017, 7.92742607, 9.72327103, 7.11684821, 1.75326739, 1.07945986, 1.57975199, 1.20481691, 1.04011387, 1.30897471, 1.19352442, 1.09627871, 1.70352224, 2.22293800, 0.00000000, 0.00000000
 0.00000000, 0.80472646, 0.77369463, 0.72174860, 0.67494136, 0.67223610, 0.62453831, 0.38477927, 0.72839490, 1.42689115, 1.22228911, 1.15053801, 1.20149974, 1.04742428, 1.12497250, 1.11561611, 0.46375371, 0.36285343, 0.60616077, 0.66118591, 0.60999003, 0.54211932, 0.48150274, 0.41930813, 0.00000000, 0.00000000, 0.13015953, 0.00000000, 0.00000000, 0.77923489, 4.72693184, 8.06202668, 1.45891143, 5.33076818, 6.25431665, 5.15069755, 7.95266690, 4.80127457, 0.00000000, 0.98834754, 2.17832993, 2.20449281, 1.63571765, 1.20850368, 1.02730233, 1.50869261, 2.59677404, 3.35574849, 0.00000000, 0.00000000
 0.00000000, 0.78447821, 0.71975109, 0.64955545, 0.62363766, 0.61970982, 0.56131701, 0.23251886, 0.19946086, 0.98387749, 1.56185356, 1.61795240, 1.21941757, 0.55543440, 0.36341138, 0.84425970, 0.74937193, 0.46612876, 0.67258333, 0.65808261, 0.69823764, 0.55621099, 0.45060792, 0.43063855, 0.43483654, 0.00000000, 0.11684416, 0.00000000, 0.33489790, 0.00000000, 3.68535811, 8.33896944, 3.49314664, 8.31832931, 7.13133161, 8.56847695,14.46951673, 7.42861229, 2.07380123, 4.21179853, 4.71022140, 3.42057062, 2.28128542, 2.03680173, 2.25479046, 2.71614042, 3.03343634, 3.02002667, 0.00000000, 0.00000000
 0.00000000, 0.94690862, 0.81597721, 0.75027266, 0.80670332, 0.78494834, 0.64807099, 0.26627308, 0.15804517, 0.99809797, 1.87929837, 1.95842263, 1.45632514, 0.60181299, 0.19249850, 1.18357931, 2.17981978, 2.34514616, 1.07385598, 0.78824823, 1.02501809, 0.69408050, 0.53985762, 0.46644215, 0.43308664, 0.00000000, 0.04927041, 0.00000000, 0.31656586, 1.10815307,10.10856167,13.62699220, 2.62157150, 7.51587734,12.89959517,15.43629427,17.74361295, 9.42405846, 7.26579210,10.92972566, 8.28263750, 5.67647749, 4.83424200, 4.35353027, 3.35812602, 3.44879097, 4.15740903, 4.08040445, 0.00000000, 0.00000000
 0.00000000, 1.11192520, 1.01469753, 0.92128010, 0.86260872, 0.81582779, 0.71671978, 0.00000000, 0.71357974, 2.14398307, 1.93195389, 1.53123469, 0.84566167, 1.14402257, 3.02012709, 3.25463509, 0.00000000, 0.59084869, 0.42489964, 0.00000000, 0.46865629, 0.60809668, 0.51804629, 0.42168457, 0.35271997, 0.00000000, 0.02866941, 0.00000000, 0.64032026, 0.00000000,19.34349898,24.76965402,19.01611118,15.33937862,15.97874011,19.75412432,26.21693468,28.62660527,21.50939720,12.85297602, 6.99661716, 6.02678936, 7.13093980, 6.80139015, 5.94273649, 4.34483812, 4.36698553, 4.99413648, 0.00000000, 0.00000000
 0.00000000, 1.51962066, 1.51485946, 1.31810060, 1.17605792, 1.04563584, 0.73603380, 0.22366331, 1.02753089, 3.11865357, 2.92339782, 3.02032900, 2.96649562, 2.78485803, 3.96701490, 4.25835589, 1.33271213, 0.88423174, 0.61696149, 0.50726056, 0.89722286, 0.76595523, 0.64232658, 0.53856563, 0.41319510, 0.00000000, 0.09093658, 0.00000000, 0.49655524, 1.71596085,13.95142338,27.17383866, 3.51998349, 6.97477403,10.52388233,13.66040204,17.56517016,22.46482017,21.18186489,13.13494200, 7.77569960, 7.10167675, 6.88784202, 8.11767271, 9.52238824, 9.29809349, 9.64263180, 9.53983982, 0.00000000, 0.00000000
 0.00000000, 1.78173453, 1.72205781, 1.59504138, 1.53516196, 1.42538102, 0.88938888, 0.24314462, 0.00000000, 1.91134352, 3.80621907, 3.36963195, 3.55889862, 4.05151922, 4.64264327, 5.44360703, 6.06344027, 0.00000000, 0.00000000, 1.08481869, 1.20734372, 0.85593057, 0.65633905, 0.52323723, 0.38862335, 0.00000000, 0.21262424, 0.00000000, 0.40477579, 0.00000000, 0.00000000, 2.51654905, 6.88600792, 7.48629364, 7.00724673, 9.55931260,12.45644952,12.93541311,12.36712838,10.88649244,11.92397164,11.18238745,10.25558839,14.33357530,13.97088376,12.03280254,12.45719901,12.91108079, 0.00000000, 0.00000000
 0.00000000, 2.70280302, 2.67297206, 2.62610625, 2.56093390, 2.40574982, 2.12051945, 0.53768191, 1.20312221, 5.14120265, 6.79431975, 6.72358512, 6.71369131, 7.45747905, 7.92687924, 8.73773439, 9.34157469, 8.87452850, 4.80622131, 2.12479865, 2.23899934, 1.38168570, 0.94033225, 0.68867520, 0.59505369, 0.15313717, 0.11818541, 0.00000000, 0.46686133, 3.24686167,16.00380001,14.55856108, 7.72801693, 6.90294593, 5.94319957, 7.61693398,11.27177707,12.09977462,12.10034372,12.88880922,12.83959495,15.66218558,15.85222445,11.94594936,10.17202054,10.91749519, 7.92605486, 4.71629325, 0.00000000, 0.00000000
 0.00000000, 3.87862369, 3.68870232, 3.58110875, 3.58906517, 3.37845213, 2.83957086, 0.77593356, 1.31896616, 6.97613829,11.74869673,12.65598357,13.01967094,14.32074014,14.88060809,14.53419161,10.28038661, 3.93228043, 5.65759655, 4.56699763, 2.77295492, 1.77099637, 1.25968737, 0.91986361, 0.75007328, 0.15888489, 0.20458979, 0.00000000, 0.46238919, 1.68215384, 7.91805635,10.49982313, 5.61332076, 6.88346703, 5.76928715, 6.58469099, 9.19898771, 9.43271235, 8.75112392, 9.06419279,10.40962869,11.88661960,11.73100106,12.16137609,14.29039819,16.12452200,18.10141653,16.69789673, 0.00000000, 0.00000000
 0.00000000, 7.93188443, 7.75533674, 7.79817986, 7.37433894, 6.81278249, 5.77238729, 4.31265221, 0.00000000, 0.00000000,22.13393500,26.95620466,28.09447051,30.30927055,32.14888643,16.09121743,13.36023536, 0.00000000, 0.00000000, 0.82358724, 1.35722430, 1.20454277, 1.03216839, 0.82245372, 0.69087806, 0.14525439, 0.17168734, 0.00000000, 0.00000000, 4.89256327,15.37314709,15.92069035, 6.98143855, 9.79700980,10.24660795,12.04484583,15.29173158,13.30607000,10.22938302, 9.50579192, 9.04535319,10.09788056,11.42636585,13.27788589,16.16527032,18.97095778,23.03908708, 0.00000000, 0.00000000, 0.00000000
 0.00000000,13.45284724,14.11333516,13.90232676,13.66881862,13.25508209,11.33425658, 8.54514606, 0.00000000, 0.00000000,28.87664738,39.05693181,42.86122167,44.01088282,44.28939977,45.33017172,40.96082334, 0.00000000, 0.00000000, 0.00000000, 3.85820954, 2.25096149, 1.83069027, 1.54143511, 1.24974396, 0.26480716, 0.46116712, 0.00000000, 0.00000000, 3.25413812,13.88208427,19.32286104,18.77956735,15.60683933, 8.85224770, 5.63192890, 6.54420414, 6.95757707, 7.05910762, 8.38909666, 9.89026265, 9.64642847, 9.89151358,11.71108983,12.10845105,10.73317086,11.55352336,11.55973217, 0.00000000, 0.00000000
 0.00000000,11.83491912,11.70087202,12.23187066,12.19182987,11.60973270,10.44517552, 4.12061920, 2.20621316,10.12805850,20.34586270,23.41079927,28.62391044,28.15005625,26.66983481,23.75635839,22.55759523, 9.98196588, 0.00000000, 2.23736207, 2.86163473, 2.52200006, 1.87748971, 1.60136323, 1.27169163, 0.29399541, 0.61078886, 0.00000000, 0.00000000, 1.94147447, 8.64902950,10.01612743, 4.19017788, 5.41185750, 5.07944236, 6.04326526, 6.54435080, 5.99925727, 5.78820151, 6.02840465, 6.47657721, 6.10582087, 6.47502648, 7.81232256, 7.75556040, 6.73692094, 7.73922977,10.89130696, 0.00000000, 0.00000000
 0.00000000,12.35572733,10.74795820,10.33850718, 9.85790081, 9.64747170, 9.06474555, 4.93441789, 3.76686341,11.13643677,18.78360538,15.24513690,14.83342054,15.23075469,16.08585319,15.36982908,12.71833004,10.02069258, 4.47182855, 2.76590133, 2.00378082, 2.08080738, 1.77916310, 1.63818164, 1.45221227, 0.42663972, 0.57647946, 0.55535673, 1.01810545, 2.20577423, 9.78888113,13.55376996, 7.63724395, 4.25637543, 7.08812523, 9.38937265,10.13031726, 8.25064264, 5.40559494, 6.05337813, 8.59770288, 9.76685816, 9.85490075,12.16287040,13.42222571,13.55917300,15.34319903, 0.00000000, 0.00000000, 0.00000000
 0.00000000,18.91990879,19.98516496,18.90501459,17.81502489,17.49825856,17.39790707,15.79201427,14.24626905,18.63802689,23.68336551,23.09841159,22.14734381,22.52078801,22.47422295,21.08775154,19.57967596,14.48780928, 9.29966150, 9.56472414, 6.16279681, 4.57705171, 3.88215758, 3.36514535, 3.09575907, 1.34106166, 1.56898748, 0.69995558, 3.62726616, 1.81111667, 5.12198830,11.37204598,13.37155853, 9.83306565, 8.71922539, 8.86201789,12.74121345,13.49407627,10.65747075,10.64750222,11.33629631, 9.96770434,10.00794480,10.63087262,10.64661145,11.28727509,11.72956677,12.23066055, 0.00000000, 0.00000000
 0.00000000,16.18751740,17.93319908,18.29720294,18.55176802,18.81333462,18.11579555, 9.52011821, 7.86655425,11.86155386,16.21816445,18.55984625,18.72419369,18.86103985,17.02404523,15.83302964,17.45696788,16.63016851,13.89474961,11.19648599, 7.98536834, 5.91373891, 4.90924435, 4.21963364, 3.67331696, 1.67515038, 1.79894914, 0.70273668, 0.93509176, 1.63837045, 7.80710994,12.93428700,10.43710255, 8.53835479, 7.58593446, 5.64570298, 6.74903223, 7.81904287, 7.26063747, 7.77403212, 8.41412457, 8.12295443, 8.28132004, 8.46265650, 8.62800198, 8.35752095, 8.17119531, 8.89086415, 0.00000000, 0.00000000
 0.00000000, 7.75987729, 7.19708173, 6.73143855, 6.07566443, 5.92456154, 5.59817242, 4.93313631, 4.43298161, 5.71188382, 7.69955431, 7.36154680,12.62288431,15.18905591,15.14421515,12.19016400, 8.25539651, 4.89368786, 2.51625776, 2.01759000, 1.65113526, 1.44355521, 1.24909735, 1.27685556, 1.29320290, 1.18020583, 1.14406857, 0.80482342, 1.55325978, 3.49121393, 5.74880448, 6.12394129, 6.43408419,12.60479389,20.37199319,21.35575262,20.52431029,19.00257924,16.95828804,16.25030390,18.28646811,19.93976941,19.68635579,20.16612086,20.49682805,20.51917341,19.67201089,18.22460361, 0.00000000, 0.00000000
 0.00000000,25.23104058,27.36718608,25.68222660,23.75148403,22.00536821,20.66365077, 7.26818049, 6.31388654, 8.01443870,10.48672377,10.87712989,29.39653404,31.07037128,33.21630691,34.86299204,32.80056026,20.19501798,10.71842744, 6.26807917, 4.83025218, 4.75474284, 4.91336875, 4.63728099, 4.54288603, 4.37181524, 4.10975206, 1.42206407, 2.40439130, 4.63338298, 8.78418485,24.14781253,34.72016391,34.76306201,39.60948919,41.67995311,42.99533095,42.60961564,39.56935524,35.94553490,35.44504811,38.05175416,38.81950734,36.19879265,35.96765934,35.49107326,32.99092035,31.33753704, 0.00000000, 0.00000000
 0.00000000,34.05916645,43.05834653,43.92331016,42.42253289,40.72520533,39.28724938,13.72884596,12.58960197,13.05476105,15.32682174,16.83185863,48.04918081,49.46288245,51.63334651,54.31736232,53.84681155,43.48726194,27.95879111,17.35942019,12.59684125,10.38400330, 9.49026525, 9.30282796, 9.39830926, 9.08080156, 8.32316770, 2.37155979, 3.28293941, 4.23060671,10.04850115,17.81982579,34.13088978,49.53156442,48.87506719,48.14521607,48.01084723,46.65334312,43.84232917,42.10227594,40.85068174,38.01361109,33.89656814,31.43655524,29.22816179,26.52417945,25.08438314,22.52861628, 0.00000000, 0.00000000
 0.00000000,28.00763539,36.17326703,36.54821835,35.68493072,34.79512557,33.21495497,11.77567378,11.04911061,10.46798528,11.41189154,12.99375420,35.96898692,35.21578600,34.92216493,37.63193822,39.74748462,33.53429376,23.66222522,16.91464958,13.61119879,12.03473204,10.46039370, 9.32096278, 8.83749404, 8.86372665, 8.75207359, 2.33800278, 1.84286535, 2.32619318, 8.22995169,14.66333225,14.19844879,15.31223075,19.78845785,20.63101674,22.13140765,23.68051090,22.08999266,20.42034297,17.90544973,15.72929517,14.25981961,12.18249839,11.46574521,11.16438494, 9.74749853, 8.97887368, 0.00000000, 0.00000000
 0.00000000,15.71311156,16.10383262,14.69871954,15.05801440,15.20447434,14.55335745, 5.94070934, 5.30723951, 5.01903669, 6.49989091, 7.76607929,14.55074630,13.68987745,13.36681511,13.68433562,13.04836197,11.02212319, 8.65606293, 7.10593110, 5.81518831, 5.17841106, 4.47263018, 4.35510590, 4.26824021, 4.10373361, 3.57741417, 2.15243607, 1.84931638, 2.03118255, 8.64615979,10.93147245, 9.30556890, 9.73911273,10.53277430,11.29015152,10.85260274,10.08153922, 8.90225436, 7.70656741, 8.58826128, 9.40365737, 9.17588365, 9.21479458, 9.95534480,10.83238279,10.16519340, 9.52415823, 0.00000000, 0.00000000
 0.00000000,12.27309218,13.87959404,13.51972458,12.93931937,11.68447928,10.51112695, 6.85943120, 4.89578230, 7.46315204,13.78304605,15.46500954,15.09744696,17.75714785,20.27413667,20.16681509,16.61046256, 6.51981984, 1.08926637, 2.68792944, 3.58544503, 4.30785410, 4.56261938, 4.38058724, 4.05213926, 3.51229279, 1.80303261, 2.39377295, 3.99944487, 6.21310422,15.83130661,20.15942592,20.32805328,19.23730433,20.70510727,23.35249678,22.42187955,22.59390054,23.15768920,19.73657613,19.26317860,22.51957768,22.84425768,21.85940411,21.43500512,22.97683379,24.41294388,24.19672639, 0.00000000, 0.00000000
 0.00000000,19.86092837,27.30589805,29.56172078,29.20949527,27.31113515,25.00975748,22.13464515,17.61589460,15.65736823,22.24732303,30.52324628,34.25144966,37.65319286,41.85522397,44.10609278,36.91845973,28.20192570,11.69639043, 5.88466044, 8.64556811, 9.51090518, 9.92080006, 9.86499378, 9.43014745, 8.67410505, 5.70446267, 5.58930946, 8.94583829,13.38712583,27.19841262,43.75096653,45.58374047,42.74847190,45.13125736,52.67341643,53.45311578,52.34987644,50.99054331,47.76898167,44.87015804,44.75805282,46.32803712,47.46065716,47.26448747,45.22158018,42.45777617,42.98120974, 0.00000000, 0.00000000
 0.00000000,23.98734911,37.59317203,43.73944861,45.18326712,44.31173420,41.96545506,38.03558285,32.68161071,29.93546729,35.31024833,44.83001074,51.88197925,57.15313754,61.95360563,65.45911547,69.13963560,69.09295529,58.04675367,40.88973543,27.25914029,20.68070344,18.87061021,18.56589289,18.27774134,17.13335012,13.26149656,14.09054678,15.93830700,21.14460631,35.11366802,56.87300252,65.76075710,65.72116821,62.85645200,61.42286085,60.75633010,61.37825712,62.00338085,60.68247685,58.31899937,55.62441660,52.26422197,47.89050114,43.41999529,42.02469722,43.10144194,42.62340650, 0.00000000, 0.00000000
