 0.00000000, 0.00000000, 0.00000000, 0.00000000, 0.00000000, 0.00000000, 0.00000000, 0.00000000, 0.00000000, 0.00000000, 0.00000000, 0.00000000, 0.00000000, 0.00000000, 0.00000000, 0.00000000, 0.00000000, 0.00000000, 0.00000000, 0.00000000, 0.00000000, 0.00000000, 0.00000000, 0.00000000, 0.00000000, 0.00000000, 0.00000000, 0.00000000, 0.00000000, 0.00000000, 0.00000000, 0.00000000, 0.00000000, 0.00000000, 0.23345803, 0.26003439, 0.41581681, 0.55126479, 0.37280084, 0.17872805, 0.29340073, 0.40402716, 0.49859147, 0.55677216, 0.58360489, 0.37128136, 0.12018963, 0.00000000, 0.00000000, 0.00000000
 0.00000000, 0.00000000, 0.00000000, 0.00000000, 0.00000000, 0.00000000, 0.00000000, 0.00000000, 0.00000000, 0.00000000, 0.00000000, 0.00000000, 0.00000000, 0.00000000, 0.00000000, 0.00000000, 0.00000000, 0.00000000, 0.00000000, 0.00000000, 0.00000000, 0.00000000, 0.00000000, 0.00000000, 0.00000000, 0.00000000, 0.00000000, 0.00000000, 0.00000000, 0.00000000, 0.00000000, 0.00000000, 0.16025148, 0.22649786, 0.25687827, 0.29812578, 0.40166585, 0.54734528, 0.44130996, 0.25506306, 0.37204447, 0.43757996, 0.51793406, 0.62825486, 0.72432396, 0.44569183, 0.13497594, 0.00000000, 0.00000000, 0.00000000
 0.00000000, 0.00000000, 0.00000000, 0.00000000, 0.00000000, 0.00000000, 0.00000000, 0.00000000, 0.00000000, 0.00000000, 0.00000000, 0.00000000, 0.00000000, 0.00000000, 0.00000000, 0.00000000, 0.00000000, 0.00000000, 0.00000000, 0.00000000, 0.00000000, 0.00000000, 0.00000000, 0.00000000, 0.00000000, 0.00000000, 0.00000000, 0.00000000, 0.00000000, 0.00000000, 0.00000000, 0.00000000, 0.18889692, 0.25864306, 0.28588051, 0.00000000, 0.33231367, 0.42502470, 0.41589212, 0.33024997, 0.00000000, 0.39141470, 0.45735513, 0.52320599, 0.58011511, 0.35345180, 0.18280269, 0.00000000, 0.00000000, 0.00000000
 0.00000000, 0.00000000, 0.00000000, 0.00000000, 0.00000000, 0.00000000, 0.00000000, 0.00000000, 0.00000000, 0.00000000, 0.00000000, 0.00000000, 0.00000000, 0.00000000, 0.00000000, 0.00000000, 0.00000000, 0.00000000, 0.00000000, 0.00000000, 0.00000000, 0.00000000, 0.00000000, 0.00000000, 0.00000000, 0.00000000, 0.00000000, 0.00000000, 0.00000000, 0.00000000, 0.00000000, 0.00000000, 0.00000000, 0.00000000, 0.00000000, 0.00000000, 0.00000000, 0.00000000, 0.00000000, 0.00000000, 0.00000000, 0.00000000, 0.00000000, 0.00000000, 0.00000000, 0.00000000, 0.00000000, 0.00000000, 0.00000000, 0.00000000
 0.00000000, 0.00000000, 0.00000000, 0.00000000, 0.00000000, 0.00000000, 0.00000000, 0.00000000, 0.00000000, 0.00000000, 0.00000000, 0.00000000, 0.00000000, 0.00000000, 0.00000000, 0.00000000, 0.00000000, 0.00000000, 0.00000000, 0.00000000, 0.00000000, 0.00000000, 0.00000000, 0.00000000, 0.00000000, 0.00000000, 0.00000000, 0.00000000, 0.00000000, 0.00000000, 0.00000000, 0.00000000, 0.00000000, 0.00000000, 0.00000000, 0.00000000, 0.00000000, 0.00000000, 0.00000000, 0.00000000, 0.00000000, 0.00000000, 0.00000000, 0.00000000, 0.00000000, 0.00000000, 0.00000000, 0.00000000, 0.00000000, 0.00000000
 0.00000000, 0.00000000, 0.00000000, 0.00000000, 0.00000000, 0.00000000, 0.00000000, 0.00000000, 0.00000000, 0.00000000, 0.00000000, 0.00000000, 0.00000000, 0.00000000, 0.00000000, 0.00000000, 0.00000000, 0.00000000, 0.00000000, 0.00000000, 0.00000000, 0.00000000, 0.00000000, 0.00000000, 0.00000000, 0.00000000, 0.00000000, 0.00000000, 0.00000000, 0.00000000, 0.00000000, 0.00000000, 0.00000000, 0.00000000, 0.00000000, 0.00000000, 0.00000000, 0.00000000, 0.00000000, 0.00000000, 0.00000000, 0.00000000, 0.00000000, 0.00000000, 0.00000000, 0.00000000, 0.00000000, 0.00000000, 0.00000000, 0.00000000
 0.00000000, 0.00000000, 0.00000000, 0.00000000, 0.00000000, 0.00000000, 0.00000000, 0.00000000, 0.00000000, 0.00000000, 0.00000000, 0.00000000, 0.00000000, 0.00000000, 0.00000000, 0.00000000, 0.00000000, 0.00000000, 0.00000000, 0.00000000, 0.00000000, 0.00000000, 0.00000000, 0.00000000, 0.00000000, 0.00000000, 0.00000000, 0.00000000, 0.00000000, 0.00000000, 0.00000000, 0.00000000, 0.00000000, 0.00000000, 0.00000000, 0.00000000, 0.00000000, 0.00000000, 0.00000000, 0.00000000, 0.00000000, 0.00000000, 0.00000000, 0.00000000, 0.00000000, 0.00000000, 0.00000000, 0.00000000, 0.00000000, 0.00000000
 0.00000000, 0.00000000, 0.00000000, 0.00000000, 0.00000000, 0.00000000, 0.00000000, 0.00000000, 0.00000000, 0.00000000, 0.00000000, 0.00000000, 0.00000000, 0.00000000, 0.00000000, 0.00000000, 0.00000000, 0.00000000, 0.00000000, 0.00000000, 0.00000000, 0.00000000, 0.00000000, 0.00000000, 0.00000000, 0.00000000, 0.00000000, 0.00000000, 0.00000000, 0.00000000, 0.00000000, 0.00000000, 0.00000000, 0.00000000, 0.00000000, 0.00000000, 0.00000000, 0.00000000, 0.00000000, 0.00000000, 0.00000000, 0.00000000, 0.00000000, 0.00000000, 0.00000000, 0.00000000, 0.00000000, 0.00000000, 0.00000000, 0.00000000
 0.00000000, 0.00000000, 0.00000000, 0.00000000, 0.00000000, 0.00000000, 0.00000000, 0.00000000, 0.00000000, 0.00000000, 0.00000000, 0.00000000, 0.00000000, 0.00000000, 0.00000000, 0.00000000, 0.00000000, 0.00000000, 0.00000000, 0.00000000, 0.00000000, 0.00000000, 0.00000000, 0.00000000, 0.00000000, 0.00000000, 0.00000000, 0.00000000, 0.00000000, 0.00000000, 0.00000000, 0.00000000, 0.00000000, 0.00000000, 0.00000000, 0.00000000, 0.00000000, 0.00000000, 0.00000000, 0.00000000, 0.00000000, 0.00000000, 0.00000000, 0.00000000, 0.00000000, 0.00000000, 0.00000000, 0.00000000, 0.00000000, 0.00000000
 0.00000000, 0.00000000, 0.00000000, 0.00000000, 0.00000000, 0.00000000, 0.00000000, 0.00000000, 0.00000000, 0.00000000, 0.00000000, 0.00000000, 0.00000000, 0.00000000, 0.00000000, 0.00000000, 0.00000000, 0.00000000, 0.00000000, 0.00000000, 0.00000000, 0.00000000, 0.00000000, 0.00000000, 0.00000000, 0.00000000, 0.00000000, 0.00000000, 0.00000000, 0.00000000, 0.00000000, 0.00000000, 0.00000000, 0.00000000, 0.00000000, 0.00000000, 0.00000000, 0.00000000, 0.00000000, 0.00000000, 0.00000000, 0.00000000, 0.00000000, 0.34322234, 0.39393060, 0.00000000, 0.00000000, 0.00000000, 0.00000000, 0.00000000
 0.00000000, 0.00000000, 0.00000000, 0.00000000, 0.00000000, 0.00000000, 0.00000000, 0.00000000, 0.00000000, 0.00000000, 0.00000000, 0.12695953, 0.28595032, 0.32716793, 0.27639064, 0.21481440, 0.14736421, 0.00000000, 0.00000000, 0.00000000, 0.00000000, 0.00000000, 0.00000000, 0.00000000, 0.00000000, 0.00000000, 0.00000000, 0.00000000, 0.00000000, 0.00000000, 0.00000000, 0.00000000, 0.00000000, 0.00000000, 0.00000000, 0.00000000, 0.00000000, 0.00000000, 0.00000000, 0.00000000, 0.00000000, 0.37745945, 0.49196644, 0.65645855, 0.73973264, 0.59152687, 0.27666521, 0.00000000, 0.00000000, 0.00000000
 0.00000000, 0.00000000, 0.00000000, 0.00000000, 0.00000000, 0.00000000, 0.00000000, 0.00000000, 0.00000000, 0.00000000, 0.00000000, 0.15879071, 0.47537549, 0.62473605, 0.38324830, 0.00000000, 0.00000000, 0.00000000, 0.00000000, 0.00000000, 0.00000000, 0.00000000, 0.00000000, 0.00000000, 0.00000000, 0.00000000, 0.00000000, 0.00000000, 0.00000000, 0.00000000, 0.00000000, 0.00000000, 0.26046553, 0.44798212, 0.56792257, 0.58944707, 0.59408404, 0.65809741, 0.63539525, 0.52356771, 0.52662672, 0.69547659, 0.99506241, 1.25391678, 1.40315924, 1.17173468, 0.48336897, 0.00000000, 0.00000000, 0.00000000
 0.00000000, 0.00000000, 0.00000000, 0.00000000, 0.00000000, 0.00000000, 0.00000000, 0.00000000, 0.00000000, 0.34127288, 0.14463232, 0.17939744, 0.47012042, 0.74882161, 0.59129613, 0.32527488, 0.38260160, 0.10601445, 0.00000000, 0.00000000, 0.00000000, 0.00000000, 0.00000000, 0.00000000, 0.00000000, 0.00000000, 0.00000000, 0.00000000, 0.00000000, 0.00000000, 0.00000000, 0.31006565, 0.69166914, 1.02823184, 1.13726160, 1.18595622, 1.18510167, 1.19344492, 1.07392075, 0.88101004, 0.90401417, 1.19835989, 1.54856240, 1.74046350, 1.89084231, 1.79723140, 0.78082138, 0.00000000, 0.00000000, 0.00000000
 0.00000000, 0.00000000, 0.00000000, 0.00000000, 0.00000000, 0.00000000, 0.00000000, 0.00000000, 0.00000000, 0.26603730, 0.21370126, 0.27086864, 0.33485478, 0.57914872, 0.83912228, 0.61777129, 0.36894356, 0.11499439, 0.00000000, 0.00000000, 0.00000000, 0.00000000, 0.00000000, 0.00000000, 0.00000000, 0.00000000, 0.00000000, 0.00000000, 0.14018848, 0.07231989, 0.13373377, 0.50099429, 1.17548194, 1.69127486, 1.70810075, 1.57098684, 1.45986986, 1.36996232, 1.20755491, 1.01895971, 1.01852747, 1.27109583, 1.57840833, 1.75137002, 1.83243734, 1.72326137, 0.75974263, 0.00000000, 0.00000000, 0.00000000
 0.00000000, 0.00000000, 0.00000000, 0.00000000, 0.00000000, 0.00000000, 0.00000000, 0.00000000, 0.00000000, 0.26329733, 0.24880597, 0.37279506, 0.65185337, 0.73709652, 0.78518689, 0.52919672, 0.13341867, 0.00000000, 0.00000000, 0.00000000, 0.00000000, 0.00000000, 0.00000000, 0.00000000, 0.00000000, 0.00000000, 0.00000000, 0.00000000, 0.00000000, 0.13540870, 0.44401822, 0.87725378, 1.34406367, 1.50182432, 1.33320408, 0.98262437, 0.87818606, 0.88478703, 0.79084483, 0.69483075, 0.70076672, 0.81583277, 0.97010961, 1.17092123, 1.26405516, 1.03802445, 0.42227547, 0.00000000, 0.00000000, 0.00000000
 0.00000000, 0.00000000, 0.00000000, 0.00000000, 0.00000000, 0.00000000, 0.00000000, 0.00000000, 0.00000000, 0.24220265, 0.16812432, 0.29684829, 0.88080945, 0.99931209, 0.96229988, 0.81503285, 0.43182734, 0.13285635, 0.08891922, 0.12030386, 0.00000000, 0.00000000, 0.00000000, 0.00000000, 0.00000000, 0.00000000, 0.00000000, 0.00000000, 0.00000000, 0.12253549, 0.44224884, 0.64129315, 0.81474978, 0.88930878, 0.81612657, 0.59278225, 0.52838006, 0.53775522, 0.50606928, 0.45740641, 0.45358898, 0.55487468, 0.66750452, 0.84530026, 0.86582100, 0.64462601, 0.50554239, 0.00000000, 0.00000000, 0.00000000
 0.00000000, 0.00000000, 0.00000000, 0.00000000, 0.00000000, 0.00000000, 0.00000000, 0.00000000, 0.00000000, 0.30977032, 0.73644270, 0.93775945, 1.02209242, 1.57751150, 1.53544507, 1.33044915, 0.75391969, 0.28819457, 0.15759932, 0.00000000, 0.00000000, 0.00000000, 0.00000000, 0.00000000, 0.00000000, 0.00000000, 0.00000000, 0.00000000, 0.00000000, 0.00000000, 0.00000000, 0.32440708, 0.47663984, 0.57436987, 0.53662251, 0.47426282, 0.52218750, 0.54040571, 0.54940393, 0.51940943, 0.48785457, 0.67447626, 0.91959983, 1.08408134, 1.13085529, 0.83447644, 0.29884357, 0.00000000, 0.00000000, 0.00000000
 0.00000000, 0.00000000, 0.00000000, 0.00000000, 0.00000000, 0.00000000, 0.00000000, 0.00000000, 0.00000000, 0.36195244, 1.34070356, 1.62378266, 1.56730689, 2.33548811, 2.35649275, 1.92298592, 1.02027730, 0.23777841, 0.00000000, 0.00000000, 0.00000000, 0.00000000, 0.00000000, 0.00000000, 0.00000000, 0.00000000, 0.00000000, 0.00000000, 0.00000000, 0.00000000, 0.00000000, 0.00000000, 0.39544996, 0.63623395, 0.71726568, 0.72221553, 0.77984158, 0.77660006, 0.84860319, 0.79422872, 0.68655618, 1.13362321, 1.75011808, 1.84590449, 1.84124377, 1.59885601, 0.81298264, 0.19746690, 0.00000000, 0.00000000
 0.00000000, 0.52993262, 0.49456184, 0.42030199, 0.47956555, 0.62171814, 0.29807161, 0.00000000, 0.39523896, 0.77165110, 1.55783719, 2.01629023, 1.99376421, 2.67052308, 2.32586480, 1.49834301, 1.61639679, 0.62337092, 0.05971673, 0.04231752, 0.00000000, 0.00000000, 0.00000000, 0.41189090, 0.44293448, 0.00000000, 0.00000000, 0.26826894, 0.31827001, 0.00000000, 0.00000000, 0.16308601, 0.23585158, 0.46678936, 0.94103254, 1.15103327, 1.20157102, 1.14712219, 1.16795959, 1.02859302, 0.94976229, 1.60326232, 2.50603481, 2.49682687, 1.95718032, 1.84197318, 1.43860930, 0.60579093, 0.00000000, 0.00000000
 0.00000000, 0.40176014, 0.56450356, 0.71569110, 0.76876689, 0.78808810, 0.46160796, 0.06628851, 0.17379477, 0.59971875, 0.97084972, 1.08625135, 1.34782832, 1.44307170, 1.59463618, 1.12043483, 0.57273995, 0.27567596, 0.23289305, 0.27867223, 0.30851884, 0.38796484, 0.57239552, 0.79568734, 0.79781079, 0.66900608, 0.54638230, 0.48033731, 0.28266581, 0.00000000, 0.00000000, 0.00000000, 0.27936285, 0.86645379, 1.23249228, 1.25978182, 1.38034961, 1.56284096, 1.75995725, 1.65054479, 1.28278751, 1.50874025, 2.07173893, 2.10215926, 1.93485687, 1.80137885, 1.08742111, 0.34070644, 0.00000000, 0.00000000
 0.00000000, 0.33212202, 0.45823622, 0.58894596, 0.61820123, 0.60774386, 0.45548457, 0.24842255, 0.24016883, 0.58774367, 1.11334892, 1.41768218, 1.69745461, 1.44532186, 1.27784302, 1.16894137, 0.72572638, 0.23727682, 0.33232504, 0.58303531, 0.72304462, 0.86368761, 1.24846563, 1.35628713, 1.35834580, 1.10508497, 0.75795813, 1.01139100, 0.74216818, 0.00000000, 0.23131074, 0.29009707, 0.41181930, 0.62430579, 0.91406214, 1.14609351, 1.15882925, 1.02356652, 0.96061096, 0.88412025, 0.76404837, 0.87428093, 1.03843479, 1.12729629, 1.20884953, 1.12768438, 0.63823211, 0.20192642, 0.00000000, 0.00000000
 0.00000000, 0.59022257, 0.59512631, 0.64351937, 0.66051349, 0.64744084, 0.48186828, 0.19162126, 0.31526570, 1.08810879, 1.79041261, 1.69353273, 2.11732618, 2.14625654, 1.74455175, 1.41770938, 0.81418521, 0.19821180, 0.00000000, 0.41060366, 0.99479824, 0.86730878, 0.88278289, 1.04635078, 1.30853665, 1.30949235, 0.91025603, 1.00730138, 0.76766038, 0.14348892, 0.28797574, 0.47952764, 0.78102877, 0.92834224, 0.85878220, 0.68467298, 0.58202375, 0.50973378, 0.43812147, 0.00000000, 0.36865607, 0.48761684, 0.63206026, 0.69281099, 0.70017083, 0.61345593, 0.36681500, 0.16010383, 0.00000000, 0.00000000
 0.00000000, 0.43527539, 0.42359955, 0.45666812, 0.47600577, 0.47107459, 0.42349504, 0.15275692, 0.26796884, 1.67957544, 3.09218241, 2.76491368, 2.05646754, 1.91609906, 1.77568623, 1.67562376, 1.33384236, 0.57807449, 0.35771888, 0.41307474, 0.61558610, 0.61669645, 0.59542382, 0.71888476, 0.99051762, 0.96803278, 0.74261601, 0.94376833, 0.84646281, 0.24458874, 0.18104396, 0.49523665, 0.89244073, 0.99859524, 0.84340029, 0.61271279, 0.56776106, 0.57651325, 0.44398890, 0.00000000, 0.35906353, 0.44503659, 0.57619646, 0.61639652, 0.60335240, 0.53553867, 0.36366575, 0.18836858, 0.00000000, 0.00000000
 0.00000000, 0.00000000, 0.00000000, 0.00000000, 0.00000000, 0.00000000, 0.00000000, 0.00000000, 0.34728327, 1.59376063, 2.25224884, 2.46246652, 2.31502051, 1.92156277, 1.64492033, 1.79994582, 1.34335081, 0.28626136, 0.18559911, 0.35418794, 0.38862051, 0.00000000, 0.24162391, 0.39814107, 0.51528726, 0.42874242, 0.42215502, 0.66992320, 0.63883179, 0.42275011, 0.32790969, 0.43402033, 0.76388488, 0.87028191, 0.76285487, 0.69052913, 0.68711866, 0.65186906, 0.55256154, 0.45517360, 0.42827699, 0.50360187, 0.61250999, 0.63683331, 0.67155082, 0.63338314, 0.37473825, 0.17505587, 0.00000000, 0.00000000
 0.00000000, 0.00000000, 0.00000000, 0.00000000, 0.00000000, 0.00000000, 0.00000000, 0.00000000, 0.41141947, 1.08317676, 1.04017902, 1.18352956, 1.23620774, 1.24272024, 1.23336931, 1.00466807, 0.58341557, 0.23218932, 0.05371046, 0.05140136, 0.00000000, 0.00000000, 0.00000000, 0.00000000, 0.00000000, 0.00000000, 0.39888563, 0.43669407, 0.00000000, 0.00000000, 0.28215359, 0.45386547, 0.65432899, 0.76935598, 0.83054373, 0.78152288, 0.74643687, 0.67880856, 0.58743888, 0.50919714, 0.43162838, 0.47282172, 0.71406767, 0.90373825, 0.97891621, 0.98793429, 0.62974550, 0.17286664, 0.00000000, 0.00000000
 0.00000000, 0.00000000, 0.00000000, 0.00000000, 0.00000000, 0.00000000, 0.00000000, 0.00000000, 0.21601061, 0.50448399, 0.58911970, 0.63753863, 0.58823805, 0.49696966, 0.52870859, 0.60344909, 0.42160508, 0.14385687, 0.11269593, 0.14743624, 0.00000000, 0.00000000, 0.00000000, 0.00000000, 0.00000000, 0.00000000, 0.00000000, 0.00000000, 0.00000000, 0.00000000, 0.27251625, 0.29916043, 0.40016978, 0.70494222, 0.96853250, 0.99493495, 1.00881109, 0.88869636, 0.83818895, 0.79907928, 0.68646972, 0.76360242, 1.13303379, 1.37426274, 1.42814625, 1.60993041, 1.10294175, 0.32432067, 0.00000000, 0.00000000
 0.00000000, 0.49008144, 0.28640467, 0.22066530, 0.20503989, 0.00000000, 0.00000000, 0.00000000, 0.19318019, 0.30387658, 0.27266950, 0.39693430, 0.45280327, 0.38695935, 0.32679313, 0.32649601, 0.28473291, 0.09974708, 0.00000000, 0.00000000, 0.00000000, 0.00000000, 0.00000000, 0.00000000, 0.00000000, 0.00000000, 0.00000000, 0.00000000, 0.00000000, 0.25496307, 0.32656842, 0.41693619, 0.56596876, 0.81946505, 1.05939762, 1.24197735, 1.23640280, 1.12319686, 1.13571265, 0.96748713, 0.84342560, 1.13087547, 1.72226077, 2.13605300, 2.18862282, 2.34839357, 1.51710971, 0.37210391, 0.00000000, 0.00000000
 0.00000000, 0.20363882, 0.19787234, 0.00000000, 0.00000000, 0.00000000, 0.00000000, 0.00000000, 0.00000000, 0.00000000, 0.00000000, 0.34373843, 0.36172620, 0.00000000, 0.00000000, 0.00000000, 0.47114839, 0.19206019, 0.00000000, 0.00000000, 0.00000000, 0.00000000, 0.25647387, 0.32605494, 0.36599129, 0.00000000, 0.00000000, 0.39636271, 0.41764284, 0.35570301, 0.37074720, 0.45085284, 0.57837615, 0.77874204, 1.07632821, 1.28349158, 1.31063714, 1.59285226, 1.95390359, 1.93751650, 1.57689925, 1.47606898, 1.78244630, 1.91918279, 2.11402373, 2.21791739, 1.39583985, 0.43464533, 0.00000000, 0.00000000
 0.00000000, 0.00000000, 0.00000000, 0.00000000, 0.00000000, 0.00000000, 0.00000000, 0.00000000, 0.00000000, 0.00000000, 0.00000000, 0.00000000, 0.00000000, 0.00000000, 0.00000000, 0.00000000, 0.44341933, 0.19971242, 0.00000000, 0.00000000, 0.00000000, 0.00000000, 0.00000000, 0.21041302, 0.23234999, 0.00000000, 0.00000000, 0.36834865, 0.35387565, 0.23608289, 0.39426503, 0.69583474, 0.98950227, 1.74267314, 1.93799607, 2.15563354, 2.55441224, 2.31656820, 1.81310883, 1.73022684, 1.82883569, 1.56851281, 1.44645746, 1.33388650, 1.30519271, 1.35292243, 0.86117589, 0.25983067, 0.00000000, 0.00000000
 0.00000000, 0.00000000, 0.00000000, 0.00000000, 0.00000000, 0.00000000, 0.00000000, 0.00000000, 0.00000000, 0.00000000, 0.00000000, 0.00000000, 0.00000000, 0.00000000, 0.00000000, 0.00000000, 0.43223891, 0.18273312, 0.00000000, 0.00000000, 0.00000000, 0.00000000, 0.00000000, 0.00000000, 0.00000000, 0.00000000, 0.00000000, 0.00000000, 0.25210296, 0.18166286, 0.54241472, 0.64032382, 0.00000000, 0.89644852, 2.47089575, 2.91740154, 2.65467783, 1.91671414, 1.52975709, 1.32040890, 1.29496390, 1.07153639, 0.97011240, 0.85660351, 0.75489879, 0.73348126, 0.65225564, 0.39821493, 0.00000000, 0.00000000
 0.00000000, 0.00000000, 0.00000000, 0.00000000, 0.00000000, 0.00000000, 0.00000000, 0.00000000, 0.00000000, 0.00000000, 0.00000000, 0.00000000, 0.00000000, 0.00000000, 0.00000000, 0.00000000, 0.00000000, 0.00000000, 0.00000000, 0.00000000, 0.00000000, 0.33589777, 0.42055630, 0.44362500, 0.44430788, 0.46483084, 0.44891222, 0.44467910, 0.27161223, 0.21764393, 0.69064726, 1.30604643, 1.71660778, 2.54381047, 3.30689478, 2.43701014, 2.06516320, 1.41390328, 0.92229224, 0.85027254, 0.74364883, 0.65045185, 0.74909590, 0.76018584, 0.72144181, 0.67003281, 0.68047359, 0.47869684, 0.00000000, 0.00000000
 0.00000000, 0.00000000, 0.00000000, 0.00000000, 0.00000000, 0.00000000, 0.00000000, 0.00000000, 0.00000000, 0.00000000, 0.00000000, 0.00000000, 0.00000000, 0.00000000, 0.00000000, 0.00000000, 0.00000000, 0.00000000, 0.00000000, 0.42684316, 0.66614839, 0.55707678, 0.48662312, 0.51978940, 0.52679289, 0.46313558, 0.50992668, 0.60045326, 0.26841229, 0.00000000, 0.59907969, 1.95171207, 2.33808246, 3.11801452, 2.71127689, 1.96216807, 1.66850670, 1.23158195, 0.80547192, 0.68996103, 0.62141970, 0.55022865, 0.50879351, 0.52710940, 0.54662229, 0.48714192, 0.35109322, 0.25121469, 0.00000000, 0.00000000
 0.00000000, 0.45127415, 0.43681802, 0.40745371, 0.00000000, 0.00000000, 0.00000000, 0.00000000, 0.00000000, 0.00000000, 0.00000000, 0.00000000, 0.00000000, 0.00000000, 0.00000000, 0.00000000, 0.00000000, 0.00000000, 0.00000000, 0.50205403, 0.72083749, 0.53633951, 0.58631418, 0.64596647, 0.67763395, 0.50890112, 0.45952164, 0.44716017, 0.15413855, 0.00000000, 0.65023629, 2.63337955, 3.05701143, 2.98153843, 2.80886530, 2.34556545, 1.42596265, 0.86558091, 0.65696718, 0.53587069, 0.48799194, 0.43918986, 0.00000000, 0.39381982, 0.49694449, 0.45877834, 0.00000000, 0.00000000, 0.00000000, 0.00000000
 0.00000000, 0.46624405, 0.54992072, 0.53775875, 0.39588909, 0.33815346, 0.33124693, 0.27843037, 0.23266100, 0.30779236, 0.32560737, 0.36603727, 0.37340749, 0.00000000, 0.00000000, 0.00000000, 0.00000000, 0.00000000, 0.00000000, 0.34994839, 0.51500702, 0.41389144, 0.52555680, 0.63782934, 0.69964639, 0.72784978, 0.66587965, 1.17599026, 0.94043385, 0.00000000, 0.74210449, 3.18649086, 3.82116943, 3.32593241, 2.82174650, 2.11911261, 1.83399297, 1.14531617, 0.59764206, 0.51727019, 0.42249227, 0.48476268, 0.40633905, 0.37540140, 0.46763709, 0.48300797, 0.45348991, 0.50522669, 0.20413847, 0.00000000
 0.00000000, 1.07360486, 1.20602120, 1.13222117, 0.94073915, 0.86993594, 0.91580963, 0.80643014, 0.54672276, 0.45986761, 0.52345601, 0.58061117, 0.59775673, 0.57938892, 0.55159454, 0.52906007, 0.48664120, 0.49401738, 0.35709365, 0.26720596, 0.30837171, 0.00000000, 0.00000000, 0.46309443, 0.57508115, 0.71321417, 0.69775017, 1.07255061, 0.94348095, 0.37566023, 1.20464254, 2.59163152, 3.04531318, 2.52266725, 2.59108783, 2.64827873, 1.92291558, 1.23951551, 0.98948581, 0.79930398, 0.34823234, 0.03815544, 0.31168964, 0.41339807, 0.44678063, 0.57382603, 0.68001893, 0.78625080, 0.24429920, 0.00000000
 0.00000000, 0.93344793, 1.02706438, 0.96815054, 0.79946378, 0.74988729, 0.82418839, 0.85834867, 0.77341318, 0.61077041, 0.57773717, 0.73007900, 0.90353189, 0.87910983, 0.76905557, 0.77959185, 0.90520688, 1.15071357, 0.64386889, 0.35350548, 0.39699658, 0.28997074, 0.00000000, 0.00000000, 0.00000000, 0.37437390, 0.39894509, 0.88506843, 0.89743696, 0.37165388, 1.14381164, 2.47901316, 2.69008901, 2.91888645, 2.74341060, 1.33023992, 1.00291906, 1.16762669, 1.49879463, 1.39684285, 0.97796620, 0.65592858, 0.53329400, 0.52309790, 0.53770738, 0.61796720, 0.69325756, 0.71760369, 0.30783558, 0.00000000
 0.00000000, 0.60511005, 0.63077758, 0.60836065, 0.54834231, 0.56495095, 0.65077874, 0.68404567, 0.74241896, 0.91105800, 1.00777999, 1.06913394, 1.01262429, 1.02977129, 1.29054098, 1.48206104, 1.13100095, 1.05949590, 0.67788442, 0.00000000, 0.00000000, 0.00000000, 0.00000000, 0.00000000, 0.00000000, 0.00000000, 0.36904603, 0.74342968, 0.53941249, 0.45104012, 1.73615102, 3.28398755, 4.23871278, 4.48846265, 4.06577581, 2.86651263, 2.18569500, 2.13203751, 2.24554915, 2.05724643, 1.46747236, 0.89529899, 0.73358958, 0.77774102, 0.89269171, 0.80152232, 0.82767223, 1.00997564, 0.62902172, 0.00000000
 0.00000000, 0.52517819, 0.51148644, 0.45195737, 0.00000000, 0.39338707, 0.46144024, 0.49696657, 0.61804905, 0.87575802, 0.88530468, 0.75471915, 0.89159956, 1.15507987, 1.27192346, 1.28492882, 1.06122148, 1.19299548, 0.70600292, 0.00000000, 0.00000000, 0.00000000, 0.00000000, 0.00000000, 0.00000000, 0.00000000, 0.00000000, 0.00000000, 0.00000000, 0.38520511, 1.73146977, 2.56277538, 3.66645083, 5.02170797, 5.69226034, 4.76453619, 3.81569655, 3.35691766, 3.32394506, 2.69033166, 2.54566401, 2.71959734, 1.86560642, 1.35951667, 1.30361180, 1.01724653, 1.40859979, 1.86117526, 0.90573180, 0.00000000
 0.00000000, 0.53046216, 0.49328200, 0.42535273, 0.00000000, 0.36952373, 0.41304335, 0.42108090, 0.63856900, 1.01288771, 1.21269537, 1.05826217, 0.82781088, 0.79212770, 0.76587159, 0.80667920, 0.78639221, 0.79046900, 0.47886200, 0.15344992, 0.00000000, 0.00000000, 0.00000000, 0.26508328, 0.27564315, 0.00000000, 0.00000000, 0.00000000, 0.00000000, 0.45102050, 3.79835328, 7.36567613, 7.21296710, 7.15258690, 7.05470251, 6.20464783, 6.32798350, 5.96424016, 4.32387400, 3.94801502, 3.43376078, 2.49466542, 1.85228345, 2.16239069, 2.20485964, 1.76799953, 2.29206658, 2.93795658, 1.53207804, 0.00000000
 0.00000000, 0.48997416, 0.38662272, 0.33525200, 0.41113536, 0.55029482, 0.60853116, 0.60608179, 0.78593741, 1.06281255, 1.31345959, 1.48285701, 1.59580002, 1.79742565, 1.85779814, 1.86435519, 1.99558686, 1.33935949, 0.34536656, 0.09070235, 0.10106747, 0.23695499, 0.31876148, 0.35628329, 0.34757380, 0.31710134, 0.00000000, 0.00000000, 0.00000000, 0.26286418, 3.28121231, 8.67127490, 6.93449847, 6.45587171, 7.25347726, 6.44114202, 5.40259573, 4.83603994, 5.67286431, 5.41350332, 4.68993040, 3.74482465, 2.44516428, 2.00130748, 2.04589704, 2.09806304, 2.60370598, 2.93671736, 1.08553328, 0.00000000
 0.00000000, 0.31799034, 0.28425760, 0.36696310, 0.49396338, 0.55874917, 0.61097499, 0.62455699, 0.75360475, 0.99997083, 1.37045732, 1.52598209, 1.77403907, 2.03161401, 1.95747892, 2.10742091, 2.29507348, 1.51130149, 0.51787140, 0.00000000, 0.00000000, 0.00000000, 0.20190382, 0.31666554, 0.40976926, 0.44183342, 0.43455605, 0.00000000, 0.00000000, 0.28644301, 3.60592180, 7.49613922, 6.03748349, 7.00721317, 7.29137990, 8.50335170, 8.34704992, 6.84796094, 6.88416257, 5.52382627, 4.55497917, 5.49482114, 5.64559312, 3.52706827, 2.15852923, 2.44083759, 3.33000877, 4.02416641, 2.26222033, 0.00000000
 0.00000000, 0.34424895, 0.41481869, 0.42758567, 0.47428709, 0.53557769, 0.50851745, 0.47846824, 0.61601561, 0.87729628, 1.40999870, 2.07379061, 2.09958413, 1.84542017, 1.98499013, 1.86985604, 1.86416090, 2.38441700, 1.63681769, 0.91378538, 0.51581741, 0.36186565, 0.33738538, 0.43547690, 0.51854124, 0.56738585, 0.53478962, 0.40262761, 0.21861744, 0.34964235, 3.49537899, 8.35896771,10.09289297,10.27383978,10.15888326, 9.74271793, 9.68878307,10.41203835,10.73275299,10.66399640, 8.35172689, 6.75436196, 5.36154817, 4.14909987, 3.97263154, 3.83284745, 3.66429116, 3.81815471, 2.88230819, 0.00000000
 0.00000000, 0.80933878, 0.63224294, 0.53209087, 0.58956107, 0.66431739, 0.63340297, 0.59504074, 0.71537919, 1.06551351, 1.85570910, 2.41921589, 2.37302759, 2.19825006, 1.91878816, 1.90242692, 2.21273657, 1.11930420, 0.27469170, 0.72598427, 0.48373802, 0.40472369, 0.39868672, 0.51331572, 0.70504490, 0.80532393, 0.80850311, 0.79890236, 0.39616102, 0.00000000, 1.73696208, 6.58919341, 7.23727220, 7.44329019, 7.64079329, 7.08935650, 6.34122478, 6.98579054, 8.55597321, 8.58047039, 7.65333991, 5.63826051, 4.43972754, 5.01074090, 5.90491279, 6.15299050, 6.92843286, 7.75487211, 4.97859875, 0.00000000
 0.00000000, 1.00200419, 0.95123935, 0.86857450, 0.88212226, 0.87021303, 0.87584582, 0.92232872, 0.97003880, 1.57478905, 2.97715189, 3.88333885, 3.66557298, 3.95526885, 4.31308731, 4.25173850, 5.18653755, 4.21462219, 1.06346261, 0.34827964, 0.51573083, 0.66228885, 0.74499204, 1.01178434, 1.31113261, 1.36137950, 1.26198380, 1.25027968, 0.95091424, 0.88968070, 2.00113427, 4.51433506, 6.08412795, 7.80708358, 8.85753273, 7.74323547, 5.68419691, 5.11125127, 8.55387999,12.19542563,11.44555145,10.89929256,14.40166678,15.93814889,10.42620501, 6.93796782, 8.90929751,10.45589540, 0.00000000, 0.00000000
 0.00000000, 0.97266239, 0.96847893, 1.14037496, 1.37026199, 1.46388793, 1.47734152, 1.41522809, 1.40256292, 2.40691889, 4.60255353, 6.42423562, 6.80311552, 6.80161386, 6.70730189, 7.15170850, 8.25628541, 5.61343736, 1.73014151, 0.47683834, 0.76971979, 0.94537704, 1.24991771, 1.41363100, 1.51841557, 1.60255464, 1.40390647, 1.42124505, 0.79711283, 0.81261181, 2.12336606, 3.69839912, 5.80582624, 6.62261733, 6.70543741, 6.59357984, 6.26794895, 5.40368845, 4.94247802, 6.45852841, 9.08964057,10.41482421,11.67461805, 9.41999597, 6.27520105, 6.30258399, 6.63287855, 7.10589433, 2.97007866, 0.00000000
 0.00000000, 1.38677899, 1.77240952, 2.14613831, 2.34140738, 2.31927518, 2.27347079, 2.20755339, 2.21442045, 4.07061385, 6.39146481, 8.62793254,11.36013333,11.57080220,11.91287596,12.32312393,12.14412726,11.70959119, 9.54872987, 2.50225316, 1.32142781, 1.59119415, 1.71176755, 1.88982045, 2.31753682, 2.58489142, 2.54694446, 2.76749346, 2.21342982, 1.55124726, 2.76228795, 5.18324430, 5.89257537, 6.32593413, 6.36782930, 6.34491646, 6.04250957, 5.71983685, 5.84838889, 5.50774220, 4.62074950, 5.22792696, 5.15711257, 6.63989716, 9.46694480,10.65295228,12.16733824,12.27265332, 0.00000000, 0.00000000
 0.00000000, 4.18502985, 4.93628493, 4.97028224, 4.92273601, 4.85806564, 4.78988463, 4.68293611, 4.59046538, 6.66037184,12.47821429,16.10958115,14.27985946,15.07167750,17.65774747,20.95090773,23.43549150,22.27113460, 0.00000000, 5.74198458, 2.82671928, 2.96691857, 3.58141659, 3.45102393, 3.20118262, 3.75844648, 3.90129130, 4.15289122, 4.63244748, 5.26435952, 3.95172615, 5.43111917, 7.20841824, 8.53275457, 7.84019869, 6.85777978, 6.93781686, 7.18764114, 7.17611878, 7.67062850, 8.18788572, 8.62283827, 8.03538846, 8.57520959, 8.59929506, 9.47981308,13.22034874,15.22891360, 0.00000000, 0.00000000
 0.00000000, 3.11376574, 3.69627031, 4.91385881, 6.29021649, 6.37754878, 6.14837300, 5.89102846, 5.58596022, 7.03786298,13.90462284,16.42501886,14.89073481,18.34487842,22.78043223,26.00628753,23.87170112,20.40767813, 9.06459149, 0.00000000, 3.24643338, 3.07695896, 2.76287649, 2.39271242, 2.94986683, 3.72196193, 3.43953193, 3.62843453, 2.13333529, 0.00000000, 1.65297084, 3.08948181, 4.26118592, 5.11371943, 5.10643675, 4.97737672, 4.89175543, 4.82828338, 4.46215762, 4.35738387, 4.63364611, 5.32830652, 5.60435780, 5.55860248, 5.92127965, 6.44288977, 7.67437901, 8.68719506, 0.00000000, 0.00000000
 0.00000000, 2.53667752, 3.40801914, 3.40728662, 3.74418222, 4.22302461, 4.22061971, 4.19139458, 3.96613682, 4.29322634, 7.92693274,12.00156516, 9.60535173, 9.19726787,10.39860016, 9.76345529, 8.73559792, 8.46500022, 4.70028175, 0.00000000, 1.73616191, 2.11468330, 2.67130411, 5.17875826, 6.44480747, 5.16687153, 5.77259988, 7.72242344, 0.00000000, 0.00000000, 0.00000000, 5.78672241, 5.05966176, 5.01324214, 4.87029924, 5.71818197, 7.50153284, 7.86104700, 7.19850761, 5.16346129, 5.07770455, 5.01073617, 4.07530317, 3.98920815, 5.05330925, 6.91720314, 8.49418128,10.12721017, 0.00000000, 0.00000000
 0.00000000, 7.03949961, 7.61230674, 6.80087401, 6.12447543, 6.05558058, 4.78865271, 4.96891585, 6.57948199, 8.05655944,10.47277645,12.19810155,11.95341762, 8.25230167,10.26274103,14.80820079,15.08185581,11.02067449, 3.32427634, 0.95185790, 2.69042833, 7.19801439, 9.98197504,10.41463867,10.30165374, 9.87796389,11.24162754,10.50837704,11.53782492,15.15960214,12.98856523, 7.82338483, 6.11179782, 7.72144184, 9.67360590,10.85731922,11.71452407,12.17275269,11.78795536,11.86379014,11.30767507, 9.95705030,10.04520925,10.02509041, 8.71541999,10.37525233,13.10844463, 0.00000000, 0.00000000, 0.00000000
 0.00000000, 9.03039449,10.27646912,10.02914357, 9.43691729, 9.32272195, 9.61552213, 7.95050170, 7.70798887, 8.05807499,10.34689065,12.86695318,13.76162360,16.12124900,17.02110913,19.14237353,16.20483008,14.75190039,11.12246617, 6.36766834,10.53083856, 9.95724209, 9.98835849,10.45151681,11.79440670,12.28152558,12.18928465, 9.57930262, 5.89927800, 6.80418893, 6.41781446, 6.08875598, 8.70772643, 8.89232007, 8.81550763, 8.81905227, 8.20963028, 7.85888204, 7.53872032, 6.31986073, 6.40201999, 8.20875039, 9.04534708, 7.88243703, 7.68628962, 8.81870807,10.20799676,11.85255718, 0.00000000, 0.00000000
 0.00000000,11.15903154,10.39108207,10.51988840,10.19200684, 9.91248074, 9.66021373, 9.52110452, 7.91804568, 8.68579498,11.58101190,12.15018150,11.11857562,10.65150728,12.24926476,13.59478989,10.81158767, 6.99483845, 2.92455986, 3.08879830, 8.35378897, 9.53349747, 9.13696325, 8.66375415, 9.65768902,11.21042128,10.60606298, 8.90852976,10.63512978,13.37425726,11.83125673, 7.93365341, 6.96379440, 8.34194532, 8.77139511, 8.43125239, 7.94962949, 8.29675275, 8.70180766, 7.96807807, 7.21589482, 7.13686893, 7.22023098, 7.24310649, 7.09725897, 6.48699611, 6.62200586, 7.50775426, 0.00000000, 0.00000000
 0.00000000, 7.50397498,16.04829201,20.51886958,20.46884649,19.56061899,18.64998206,17.47061769,15.94994887,16.10389873,17.32544941,18.70174757,21.79406149,23.61269704,23.79701298,24.21754937,24.00965148,19.98950226,11.62850018, 5.65669783, 9.52895322,21.12443214,23.54203519,21.68878704,21.96324443,24.91586788,27.71660392,27.01300434,26.33332864,28.07420617,26.67105806,23.15002492,20.80379527,20.66862437,22.70638465,23.18745363,23.04640132,24.20620395,23.55183586,22.25409974,21.28994862,19.14393100,18.47047957,18.13315485,18.27920188,18.30358698,16.81603994,16.42021314,15.82255599, 0.00000000
 0.00000000,37.22478179,46.61137701,48.03318001,47.79949402,45.71190759,43.52982630,41.77303621,39.98201276,39.39890705,40.33809860,42.19195574,45.79390132,49.36365282,51.09038889,52.24472718,53.37420720,53.09155063,33.77571288,13.59156972,19.50644242,38.72031061,49.07075873,48.69429306,48.53202386,48.95160215,50.37313810,52.79079877,52.30520778,49.73224010,47.02119944,41.96676866,39.63951239,40.70378115,39.86781486,41.22417119,43.06754608,41.39157711,40.97621873,39.46921178,36.94226534,36.29767266,33.49708549,32.10796117,31.99040137,30.12413158,29.53144406,28.16432443,26.74718044, 0.00000000
 0.00000000,13.99661161,47.16898289,66.50911799,68.37001749,65.52188767,61.72494209,58.56325988,55.63587327,53.09798446,51.84914729,55.66107850,63.06289297,68.46580797,69.78626640,68.69696738,65.96444714,61.54926585,57.03485283,52.89039241,51.04568689,54.48616389,56.05244184,53.57350253,52.21069874,52.19111577,51.18207374,47.29441442,45.11007360,43.29774834,33.41852946,26.41021412,31.39474912,34.50739591,34.26599342,35.49138614,34.39363718,33.47998198,31.07550674,29.30226299,29.74780579,28.67974884,27.68209985,26.80924909,24.19438257,22.47877848,21.37065609,20.79176057,20.35040822, 0.00000000
 0.00000000,14.63705214,25.35090805,34.10047657,40.33660283,39.29114626,36.97582060,35.10702801,22.74908361,19.85676921,21.13258733,19.98624116,31.48395026,38.94463398,38.03799330,36.39191657,34.61189974,31.41702850,20.47564193,14.69444591,14.52393438,19.06147888,24.34534712,25.83211764,26.47117152,24.28423993,20.85003981,19.31478097,19.24375121,14.31121617, 7.37854293, 5.61050204, 8.87781920,13.36346653,14.77251783,14.72770678,14.29280458,13.20572828,11.82825708,11.61381497,11.88213266,12.70926766,11.75673169,10.56862579,10.08099980, 8.93712068, 8.45383175, 8.09917494, 7.68597682, 0.00000000
 0.00000000,11.32650342, 9.48500754, 7.60435696, 8.77560430, 9.88999400,11.94783370,10.05865103, 6.90942970, 5.89572086, 6.13873235, 8.78671576,12.66792435,15.28729202,15.16035418,14.63893627,14.44003537,12.11759943, 7.30769940, 1.93389433, 6.92152060,10.80654391,12.65820154,13.36570544,13.31809616,13.26141710,12.99143324,13.00031514,11.11834524,10.02870628, 6.82761078, 4.08354650, 7.22263552,11.04085090,12.60494764,13.79910781,13.62672804,13.73304447,13.16853462,11.28823965,11.22521385,10.90348759,11.38482295,10.80008281, 9.62125775, 9.32532379, 9.48617946, 9.16248442, 8.23579330, 0.00000000
 0.00000000,15.72098474,16.80067033,18.76176479,17.53917708,15.37963116,16.29026566,14.76800404,14.65023824,15.63534811,17.15088471,18.86564067,20.85974241,22.54037433,22.09412006,21.97639134,26.37061836,30.67988601,19.11573876, 9.93318628,15.61620224,24.29675038,27.12636657,28.34879851,29.46547515,31.94698523,33.74498482,33.92896995,31.98867834,30.56181560,31.26598705,27.34849536,20.92878906,24.04896068,29.28133028,29.15182747,31.40492119,35.36825302,35.34552827,30.39344346,26.43407955,25.44059405,26.37567663,26.82803983,25.12928261,21.84081602,20.76372214,21.55279269,21.69294649, 0.00000000
 0.00000000,25.12320325,42.26727029,44.51984498,36.74700762,33.69784668,35.02883243,32.81476701,30.26673745,32.49400542,36.95921587,42.66922643,43.59207843,44.72339148,49.84891849,51.95167939,57.48536090,64.52953030,60.96064741,45.14061920,39.61092989,48.55828716,57.57858572,60.53750106,61.23776441,62.41814515,65.28477043,69.39506629,71.28685505,70.10306659,66.11603893,58.81070356,54.08132916,56.12884455,60.47723401,63.66739438,64.94293442,63.82949668,63.07735623,62.91076537,60.44131082,55.69070698,50.70575355,48.62826999,49.28374314,48.69328194,46.02309902,42.36880561,38.84590316, 0.00000000
 0.00000000,38.42553847,61.75909453,67.90970159,57.21705120,46.86523429,47.60330273,48.80989977,47.25832367,46.79389619,51.13129399,60.28479046,69.29194922,70.71387851,70.06733295,73.88615297,78.70238706,83.34720693,81.03270778,73.40082818,67.76656269,66.42527695,68.22727361,72.04259745,76.35789600,79.13737708,79.36304991,77.04766605,72.42825584,67.15513734,64.20814111,63.05536728,63.18527223,64.09490921,62.35456603,59.82873250,61.58466829,66.04651562,66.06911090,60.25263084,53.07690482,50.25273859,52.05782209,53.02594396,50.29792572,44.84989955,40.30075318,39.91403265,40.40327034, 0.00000000
